epoch_sec,mode,phase,N,mppi_call_ms,state_to_command_latency_ms,pos_x,pos_y,pos_z,target_x,target_y,target_z,pos_error_m,deadline_miss
1784320368.110369,FIXED400,TAKEOFF,0,0.000000,33.338021,0.017380,0.048954,1.271511,0.017380,0.048954,1.312935,0.041424,0
1784320368.160333,FIXED400,TAKEOFF,0,0.000000,15.400518,0.022240,0.049174,1.270874,0.017380,0.048954,1.375030,0.104270,0
1784320368.210335,FIXED400,TAKEOFF,0,0.000000,33.087744,0.021485,0.047941,1.272994,0.017380,0.048954,1.437173,0.164233,0
1784320368.260327,FIXED400,TAKEOFF,0,0.000000,15.389409,0.020043,0.045269,1.278467,0.017380,0.048954,1.499305,0.220885,0
1784320368.310321,FIXED400,TAKEOFF,0,0.000000,33.157853,0.019833,0.044228,1.278486,0.017380,0.048954,1.561440,0.283005,0
1784320368.360320,FIXED400,TAKEOFF,0,0.000000,15.391716,0.019998,0.042353,1.274571,0.017380,0.048954,1.623579,0.349081,0
1784320368.410326,FIXED400,TAKEOFF,0,0.000000,33.219471,0.020022,0.041371,1.273310,0.017380,0.048954,1.685729,0.412497,0
1784320368.460333,FIXED400,TAKEOFF,0,0.000000,15.392810,0.020085,0.039642,1.261258,0.017380,0.048954,1.747879,0.486717,0
1784320368.510323,FIXED400,TAKEOFF,0,0.000000,33.145277,0.020070,0.038875,1.255802,0.017380,0.048954,1.810007,0.554304,0
1784320368.560337,FIXED400,TAKEOFF,0,0.000000,15.421925,0.020402,0.037270,1.248465,0.017380,0.048954,1.872166,0.623818,0
1784320368.610335,FIXED400,TAKEOFF,0,0.000000,33.240069,0.020846,0.036453,1.246835,0.017380,0.048954,1.934305,0.687592,0
1784320368.660326,FIXED400,TAKEOFF,0,0.000000,15.379745,0.021862,0.034471,1.244953,0.017380,0.048954,1.996435,0.751636,0
1784320368.710327,FIXED400,TAKEOFF,0,0.000000,33.107918,0.022412,0.033596,1.244940,0.017380,0.048954,2.058579,0.813799,0
1784320368.760326,FIXED400,TAKEOFF,0,0.000000,15.233838,0.023435,0.031952,1.245798,0.017380,0.048954,2.120720,0.875108,0
1784320368.810334,FIXED400,TAKEOFF,0,0.000000,33.139077,0.024645,0.031416,1.247054,0.017380,0.048954,2.182870,0.936008,0
1784320368.860332,FIXED400,TAKEOFF,0,0.000000,15.434530,0.031703,0.031733,1.253357,0.017380,0.048954,2.245009,0.991905,0
1784320368.910334,FIXED400,TAKEOFF,0,0.000000,33.190195,0.034548,0.031770,1.256253,0.017380,0.048954,2.307154,1.051181,0
1784320368.960324,FIXED400,TAKEOFF,0,0.000000,15.358715,0.034776,0.036169,1.261761,0.017380,0.048954,2.369282,1.107731,0
1784320369.010327,FIXED400,TAKEOFF,0,0.000000,33.200370,0.034561,0.038358,1.264512,0.017380,0.048954,2.431428,1.167090,0
1784320369.060335,FIXED400,TAKEOFF,0,0.000000,15.397117,0.033863,0.044972,1.268759,0.017380,0.048954,2.493579,1.224937,0
1784320369.110328,FIXED400,TAKEOFF,0,0.000000,33.109973,0.033466,0.048732,1.269661,0.017380,0.048954,2.555711,1.286151,0
1784320369.160336,FIXED400,TAKEOFF,0,0.000000,15.414992,0.032866,0.055090,1.271958,0.017380,0.048954,2.617863,1.346007,0
1784320369.210342,FIXED400,TAKEOFF,0,0.000000,33.198141,0.032446,0.058202,1.271662,0.017380,0.048954,2.680013,1.408461,0
1784320369.260327,FIXED400,TAKEOFF,0,0.000000,15.440021,0.031685,0.063980,1.272213,0.017380,0.048954,2.742134,1.470068,0
1784320369.310316,FIXED400,TAKEOFF,0,0.000000,33.063864,0.031760,0.066868,1.273126,0.017380,0.048954,2.804262,1.531308,0
1784320369.360332,FIXED400,TAKEOFF,0,0.000000,15.445740,0.032644,0.073338,1.275850,0.017380,0.048954,2.866424,1.590834,0
1784320369.410328,FIXED400,TAKEOFF,0,0.000000,33.142225,0.033088,0.076154,1.277372,0.017380,0.048954,2.928560,1.651487,0
1784320369.460330,FIXED400,TAKEOFF,0,0.000000,15.345214,0.032861,0.080875,1.280403,0.017380,0.048954,2.990704,1.710669,0
1784320369.510332,FIXED400,TAKEOFF,0,0.000000,33.148022,0.032695,0.082591,1.281906,0.017380,0.048954,3.052850,1.771329,0
1784320369.560329,FIXED400,TAKEOFF,0,0.000000,15.378231,0.031468,0.084913,1.282409,0.017380,0.048954,3.114986,1.832984,0
1784320369.610342,FIXED400,TAKEOFF,0,0.000000,33.225265,0.030120,0.085357,1.280734,0.017380,0.048954,3.177144,1.896803,0
1784320369.660331,FIXED400,TAKEOFF,0,0.000000,15.341648,0.027490,0.086623,1.279883,0.017380,0.048954,3.239271,1.959776,0
1784320369.710339,FIXED400,TAKEOFF,0,0.000000,33.213543,0.025876,0.088859,1.284109,0.017380,0.048954,3.301424,2.017728,0
1784320369.760337,FIXED400,TAKEOFF,0,0.000000,15.430720,0.023117,0.092610,1.292197,0.017380,0.048954,3.363563,2.071833,0
1784320369.810346,FIXED400,TAKEOFF,0,0.000000,33.236000,0.022054,0.094596,1.295995,0.017380,0.048954,3.425715,2.130214,0
1784320369.860340,FIXED400,TAKEOFF,0,0.000000,15.401680,0.020806,0.100889,1.303802,0.017380,0.048954,3.487849,2.184667,0
1784320369.910329,FIXED400,TAKEOFF,0,0.000000,33.194622,0.020377,0.103349,1.307220,0.017380,0.048954,3.549976,2.243418,0
1784320369.960332,FIXED400,TAKEOFF,0,0.000000,15.424296,0.015573,0.105116,1.315997,0.017380,0.048954,3.612121,2.296812,0
1784320370.010333,FIXED400,TAKEOFF,0,0.000000,33.315008,0.013163,0.105674,1.320369,0.017380,0.048954,3.674264,2.354582,0
1784320370.060328,FIXED400,TAKEOFF,0,0.000000,15.343636,0.006501,0.107066,1.332101,0.017380,0.048954,3.736400,2.405025,0
1784320370.110337,FIXED400,TAKEOFF,0,0.000000,32.976749,0.002904,0.107841,1.338164,0.017380,0.048954,3.798553,2.461137,0
1784320370.160336,FIXED400,TAKEOFF,0,0.000000,15.408519,-0.003567,0.109118,1.349525,0.017380,0.048954,3.860693,2.511975,0
1784320370.210341,FIXED400,TAKEOFF,0,0.000000,33.119896,-0.006299,0.111035,1.353226,0.017380,0.048954,3.922841,2.570474,0
1784320370.260353,FIXED400,TAKEOFF,0,0.000000,15.465769,-0.011497,0.115021,1.361696,0.017380,0.048954,3.984997,2.624292,0
1784320370.310331,FIXED400,TAKEOFF,0,0.000000,33.305476,-0.014006,0.117294,1.366157,0.017380,0.048954,4.047110,2.682008,0
1784320370.360324,FIXED400,TAKEOFF,0,0.000000,15.399069,-0.019351,0.122534,1.376153,0.017380,0.048954,4.109244,2.734328,0
1784320370.410289,FIXED400,TAKEOFF,0,0.000000,33.193220,-0.021669,0.124787,1.380982,0.017380,0.048954,4.171341,2.791662,0
1784320370.460325,FIXED400,TAKEOFF,0,0.000000,15.400297,-0.026881,0.130218,1.387262,0.017380,0.048954,4.233528,2.847769,0
1784320370.510347,FIXED400,TAKEOFF,0,0.000000,33.185808,-0.028959,0.132492,1.389681,0.017380,0.048954,4.295697,2.907586,0
1784320370.560340,FIXED400,TAKEOFF,0,0.000000,15.389680,-0.031724,0.135846,1.395617,0.017380,0.048954,4.357830,2.963894,0
1784320370.610347,FIXED400,TAKEOFF,0,0.000000,33.174948,-0.032438,0.136733,1.399343,0.017380,0.048954,4.419980,3.022323,0
1784320370.660336,FIXED400,TAKEOFF,0,0.000000,15.360234,-0.033651,0.138026,1.406393,0.017380,0.048954,4.482108,3.077428,0
1784320370.710337,FIXED400,TAKEOFF,0,0.000000,33.208349,-0.033807,0.136605,1.404456,0.017380,0.048954,4.544251,3.141435,0
1784320370.760329,FIXED400,TAKEOFF,0,0.000000,15.380210,-0.034030,0.134373,1.402090,0.017380,0.048954,4.606381,3.205842,0
1784320370.810323,FIXED400,TAKEOFF,0,0.000000,33.169563,-0.034386,0.132885,1.401421,0.017380,0.048954,4.668517,3.268584,0
1784320370.860343,FIXED400,TAKEOFF,0,0.000000,15.440505,-0.037251,0.126126,1.400602,0.017380,0.048954,4.730682,3.331422,0
1784320370.910336,FIXED400,TAKEOFF,0,0.000000,33.302074,-0.038419,0.123542,1.400805,0.017380,0.048954,4.792815,3.393289,0
1784320370.960343,FIXED400,TAKEOFF,0,0.000000,15.409318,-0.042646,0.116332,1.396835,0.017380,0.048954,4.854965,3.459306,0
1784320371.010329,FIXED400,TAKEOFF,0,0.000000,33.260757,-0.044734,0.112986,1.395171,0.017380,0.048954,4.917089,3.523048,0
1784320371.060347,FIXED400,TAKEOFF,0,0.000000,15.350101,-0.049717,0.106383,1.392307,0.017380,0.048954,4.979253,3.588032,0
1784320371.110343,FIXED400,WAITING,0,0.000000,33.203058,-0.052138,0.103873,1.391255,0.017380,0.048954,5.000000,3.609832,0
1784320371.160336,FIXED400,WAITING,0,0.000000,15.395923,-0.056636,0.099516,1.390116,0.000000,0.000000,5.000000,3.611699,0
1784320371.210340,FIXED400,TRACKING,400,26.250589,59.233128,-0.059287,0.099446,1.385281,0.000000,0.000000,5.000000,3.616572,0
1784320371.260358,FIXED400,TRACKING,400,28.605234,44.002348,-0.064886,0.099512,1.377066,0.000000,0.000000,5.000000,3.624881,0
1784320371.310337,FIXED400,TRACKING,400,25.591204,46.856904,-0.066992,0.099422,1.375049,0.000000,0.000000,5.000000,3.626933,0
1784320371.360347,FIXED400,TRACKING,400,27.525989,42.971910,-0.070592,0.099058,1.373610,0.000000,0.000000,5.000000,3.628429,0
1784320371.410354,FIXED400,TRACKING,400,25.806553,48.206405,-0.072370,0.099135,1.373451,0.000000,0.000000,5.000000,3.628626,0
1784320371.460356,FIXED400,TRACKING,400,27.451033,42.896096,-0.072217,0.094153,1.376625,0.000000,0.000000,5.000000,3.625317,0
1784320371.510353,FIXED400,TRACKING,400,27.377350,49.838829,-0.071834,0.091689,1.378673,0.000000,0.000000,5.000000,3.623200,0
1784320371.560335,FIXED400,TRACKING,400,28.100294,43.519760,-0.071225,0.088966,1.385773,0.000000,0.000000,5.000000,3.616023,0
1784320371.610433,FIXED400,TRACKING,400,27.420935,49.349673,-0.070920,0.089008,1.391409,0.000000,0.000000,5.000000,3.610386,0
1784320371.660341,FIXED400,TRACKING,400,26.678630,42.056770,-0.069874,0.088777,1.403931,0.000000,0.000000,5.000000,3.597844,0
1784320371.710352,FIXED400,TRACKING,400,27.917639,51.175757,-0.067632,0.087611,1.410078,0.000000,0.000000,5.000000,3.591628,0
1784320371.760360,FIXED400,TRACKING,400,27.460485,42.894861,-0.063485,0.085616,1.421858,0.000000,0.000000,5.000000,3.579729,0
1784320371.810357,FIXED400,TRACKING,400,27.386178,49.836311,-0.061490,0.085396,1.426461,0.000000,0.000000,5.000000,3.575088,0
1784320371.860356,FIXED400,TRACKING,400,28.199683,43.753607,-0.057089,0.088623,1.430315,0.000000,0.000000,5.000000,3.571241,0
1784320371.910357,FIXED400,TRACKING,400,27.330248,49.056667,-0.055250,0.089914,1.432367,0.000000,0.000000,5.000000,3.569193,0
1784320371.960354,FIXED400,TRACKING,400,28.153462,43.600894,-0.051424,0.094736,1.433588,0.000000,0.000000,5.000000,3.568041,0
1784320372.010355,FIXED400,TRACKING,400,27.047343,48.826562,-0.049570,0.097085,1.434397,0.000000,0.000000,5.000000,3.567269,0
1784320372.060371,FIXED400,TRACKING,400,28.469777,43.945050,-0.044195,0.103960,1.433183,0.000000,0.000000,5.000000,3.568605,0
1784320372.110353,FIXED400,TRACKING,400,26.800193,48.218802,-0.041240,0.107843,1.431142,0.000000,0.000000,5.000000,3.570725,0
1784320372.160347,FIXED400,TRACKING,400,27.896529,43.291754,-0.035767,0.115032,1.428572,0.000000,0.000000,5.000000,3.573459,0
1784320372.210351,FIXED400,TRACKING,400,27.743596,49.774617,-0.033003,0.117482,1.423271,0.000000,0.000000,5.000000,3.578810,0
1784320372.260433,FIXED400,TRACKING,400,27.807160,43.290164,-0.027184,0.122648,1.414216,0.000000,0.000000,5.000000,3.587984,0
1784320372.310439,FIXED400,TRACKING,400,28.103811,50.185771,-0.025291,0.122761,1.410401,0.000000,0.000000,5.000000,3.591786,0
1784320372.360363,FIXED400,TRACKING,400,27.902844,43.431418,-0.022606,0.119220,1.403042,0.000000,0.000000,5.000000,3.599004,0
1784320372.410348,FIXED400,TRACKING,400,27.215453,49.216777,-0.021262,0.117643,1.400276,0.000000,0.000000,5.000000,3.601708,0
1784320372.460430,FIXED400,TRACKING,400,28.130008,43.674617,-0.024113,0.112975,1.389035,0.000000,0.000000,5.000000,3.612813,0
1784320372.510361,FIXED400,TRACKING,400,27.561459,49.283468,-0.025839,0.110991,1.384381,0.000000,0.000000,5.000000,3.617415,0
1784320372.560428,FIXED400,TRACKING,400,27.500670,43.036843,-0.026432,0.108084,1.373890,0.000000,0.000000,5.000000,3.627817,0
1784320372.610353,FIXED400,TRACKING,400,27.801846,50.154487,-0.024803,0.107262,1.367207,0.000000,0.000000,5.000000,3.634461,0
1784320372.660324,FIXED400,TRACKING,400,27.864762,43.183003,-0.022056,0.105456,1.354861,0.000000,0.000000,5.000000,3.646731,0
1784320372.710438,FIXED400,TRACKING,400,27.738107,49.912469,-0.022990,0.103878,1.348919,0.000000,0.000000,5.000000,3.652630,0
1784320372.760424,FIXED400,TRACKING,400,27.742725,43.140981,-0.024443,0.101430,1.339350,0.000000,0.000000,5.000000,3.662136,0
1784320372.810444,FIXED400,TRACKING,400,27.599144,49.804221,-0.025201,0.100049,1.335979,0.000000,0.000000,5.000000,3.665473,0
1784320372.860436,FIXED400,TRACKING,400,27.358222,42.867435,-0.027744,0.094719,1.332883,0.000000,0.000000,5.000000,3.668445,0
1784320372.910362,FIXED400,TRACKING,400,28.099831,50.592837,-0.028844,0.092815,1.332117,0.000000,0.000000,5.000000,3.669170,0
1784320372.960429,FIXED400,TRACKING,400,27.528586,43.058501,-0.029904,0.088464,1.329314,0.000000,0.000000,5.000000,3.671874,0
1784320373.010427,FIXED400,TRACKING,400,28.054145,50.458600,-0.030281,0.086606,1.328326,0.000000,0.000000,5.000000,3.672820,0
1784320373.060348,FIXED400,TRACKING,400,28.139524,43.494827,-0.031221,0.080953,1.328289,0.000000,0.000000,5.000000,3.672736,0
1784320373.110428,FIXED400,TRACKING,400,27.170697,49.020656,-0.031749,0.077631,1.329179,0.000000,0.000000,5.000000,3.671779,0
1784320373.160443,FIXED400,TRACKING,400,27.541285,43.174868,-0.032442,0.071833,1.331547,0.000000,0.000000,5.000000,3.669299,0
1784320373.210442,FIXED400,TRACKING,400,27.375545,49.767842,-0.031599,0.069642,1.330948,0.000000,0.000000,5.000000,3.669849,0
1784320373.260365,FIXED400,TRACKING,400,27.686521,43.159476,-0.028349,0.065619,1.331149,0.000000,0.000000,5.000000,3.669547,0
1784320373.310445,FIXED400,TRACKING,400,27.381875,49.671695,-0.025686,0.066250,1.331498,0.000000,0.000000,5.000000,3.669190,0
1784320373.360435,FIXED400,TRACKING,400,28.069419,43.596402,-0.019207,0.070905,1.334054,0.000000,0.000000,5.000000,3.666682,0
1784320373.410364,FIXED400,TRACKING,400,27.599705,49.376890,-0.015573,0.072954,1.337475,0.000000,0.000000,5.000000,3.663285,0
1784320373.460430,FIXED400,TRACKING,400,28.037416,43.520958,0.000112,0.076500,1.351844,0.000000,0.000000,5.000000,3.648958,0
1784320373.510440,FIXED400,TRACKING,400,27.297066,49.205272,0.008080,0.077571,1.361518,0.000000,0.000000,5.000000,3.639318,0
1784320373.560364,FIXED400,TRACKING,400,27.793519,43.273009,0.023341,0.079875,1.384847,0.000000,0.000000,5.000000,3.616110,0
1784320373.610438,FIXED400,TRACKING,400,27.624392,49.833420,0.030579,0.081374,1.398186,0.000000,0.000000,5.000000,3.602863,0
1784320373.660439,FIXED400,TRACKING,400,27.209801,42.848633,0.047978,0.085471,1.438819,0.000000,0.000000,5.000000,3.562529,0
1784320373.710452,FIXED400,TRACKING,400,28.538976,51.266731,0.055202,0.087981,1.462524,0.000000,0.000000,5.000000,3.539001,0
1784320373.760368,FIXED400,TRACKING,400,27.443980,42.865541,0.070461,0.092888,1.518019,0.000000,0.000000,5.000000,3.483932,0
1784320373.810439,FIXED400,TRACKING,400,28.815269,51.360371,0.078595,0.095208,1.549310,0.000000,0.000000,5.000000,3.452898,0
1784320373.860422,FIXED400,TRACKING,400,27.560976,43.130217,0.098779,0.099720,1.627041,0.000000,0.000000,5.000000,3.375878,0
1784320373.910434,FIXED400,TRACKING,400,27.967724,50.349604,0.106407,0.101532,1.663536,0.000000,0.000000,5.000000,3.339704,0
1784320373.960372,FIXED400,TRACKING,400,27.318530,42.881236,0.113448,0.106037,1.739280,0.000000,0.000000,5.000000,3.264416,0
1784320374.010457,FIXED400,TRACKING,400,28.108770,50.805873,0.116261,0.108018,1.778341,0.000000,0.000000,5.000000,3.225566,0
1784320374.060345,FIXED400,TRACKING,400,27.977434,43.396985,0.118113,0.111109,1.872662,0.000000,0.000000,5.000000,3.131539,0
1784320374.110308,FIXED400,TRACKING,400,26.579896,48.482375,0.116702,0.111766,1.917426,0.000000,0.000000,5.000000,3.086806,0
1784320374.160275,FIXED400,TRACKING,400,24.415154,39.936441,0.115121,0.112042,2.007861,0.000000,0.000000,5.000000,2.996448,0
1784320374.210305,FIXED400,TRACKING,400,27.107242,52.645281,0.115671,0.110352,2.052756,0.000000,0.000000,5.000000,2.951576,0
1784320374.260303,FIXED400,TRACKING,400,26.469008,41.837991,0.116896,0.105211,2.153908,0.000000,0.000000,5.000000,2.850434,0
1784320374.310351,FIXED400,TRACKING,400,26.069728,49.550531,0.116194,0.101366,2.197813,0.000000,0.000000,5.000000,2.806426,0
1784320374.360306,FIXED400,TRACKING,400,25.920969,41.494725,0.112277,0.091273,2.284018,0.000000,0.000000,5.000000,2.719833,0
1784320374.410354,FIXED400,TRACKING,400,24.108815,48.154062,0.110206,0.086196,2.327290,0.000000,0.000000,5.000000,2.676369,0
1784320374.460313,FIXED400,TRACKING,400,26.972386,42.578116,0.104147,0.074596,2.427662,0.000000,0.000000,5.000000,2.575526,0
1784320374.510346,FIXED400,TRACKING,400,26.216578,49.191523,0.101318,0.069789,2.472649,0.000000,0.000000,5.000000,2.530343,0
1784320374.560302,FIXED400,TRACKING,400,23.295238,38.775604,0.097418,0.059658,2.562137,0.000000,0.000000,5.000000,2.440538,0
1784320374.610310,FIXED400,TRACKING,400,24.440758,51.078447,0.096585,0.054074,2.607109,0.000000,0.000000,5.000000,2.395450,0
1784320374.660339,FIXED400,TRACKING,400,24.548730,40.148635,0.094122,0.043391,2.708567,0.000000,0.000000,5.000000,2.293776,0
1784320374.710302,FIXED400,TRACKING,400,24.179732,49.482700,0.091564,0.040048,2.752655,0.000000,0.000000,5.000000,2.249566,0
1784320374.760353,FIXED400,TRACKING,400,24.947356,40.562728,0.086980,0.034667,2.841645,0.000000,0.000000,5.000000,2.160385,0
1784320374.810342,FIXED400,TRACKING,400,25.781225,50.732973,0.084882,0.032825,2.887043,0.000000,0.000000,5.000000,2.114916,0
1784320374.860333,FIXED400,TRACKING,400,27.215229,42.765691,0.080898,0.031291,2.992582,0.000000,0.000000,5.000000,2.009291,0
1784320374.910357,FIXED400,TRACKING,400,27.380383,50.107669,0.079140,0.030911,3.039774,0.000000,0.000000,5.000000,1.962067,0
1784320374.960318,FIXED400,TRACKING,400,25.828373,41.441403,0.076773,0.031657,3.138317,0.000000,0.000000,5.000000,1.863535,0
1784320375.010364,FIXED400,TRACKING,400,26.604869,50.752186,0.075497,0.032111,3.187787,0.000000,0.000000,5.000000,1.814069,0
1784320375.060361,FIXED400,TRACKING,400,26.565827,42.064141,0.070966,0.030950,3.296525,0.000000,0.000000,5.000000,1.705234,0
1784320375.110322,FIXED400,TRACKING,400,24.114385,47.415869,0.068175,0.029296,3.343703,0.000000,0.000000,5.000000,1.657958,0
1784320375.160360,FIXED400,TRACKING,400,26.746371,42.319268,0.062705,0.025683,3.438298,0.000000,0.000000,5.000000,1.563172,0
1784320375.210433,FIXED400,TRACKING,400,27.351076,50.599408,0.059920,0.023314,3.484213,0.000000,0.000000,5.000000,1.517150,0
1784320375.260335,FIXED400,TRACKING,400,27.307927,42.685522,0.054070,0.017607,3.588345,0.000000,0.000000,5.000000,1.412800,0
1784320375.310376,FIXED400,TRACKING,400,26.544589,49.168580,0.051464,0.014596,3.636078,0.000000,0.000000,5.000000,1.364971,0
1784320375.360362,FIXED400,TRACKING,400,26.758293,42.254025,0.046204,0.007873,3.733576,0.000000,0.000000,5.000000,1.267291,0
1784320375.410370,FIXED400,TRACKING,400,27.047752,50.222467,0.043918,0.004685,3.782276,0.000000,0.000000,5.000000,1.218525,0
1784320375.460433,FIXED400,TRACKING,400,27.177286,42.696344,0.036460,-0.004638,3.893892,0.000000,0.000000,5.000000,1.106719,0
1784320375.510366,FIXED400,TRACKING,400,26.928795,49.617951,0.032990,-0.008736,3.943081,0.000000,0.000000,5.000000,1.057470,0
1784320375.560436,FIXED400,TRACKING,400,26.975128,42.590050,0.025849,-0.014962,4.039600,0.000000,0.000000,5.000000,0.960864,0
1784320375.610451,FIXED400,TRACKING,400,26.914912,49.887759,0.022154,-0.016824,4.086886,0.000000,0.000000,5.000000,0.913538,0
1784320375.660435,FIXED400,TRACKING,400,26.583864,42.148424,0.014642,-0.020320,4.192551,0.000000,0.000000,5.000000,0.807838,0
1784320375.710435,FIXED400,TRACKING,400,26.942416,50.289389,0.013082,-0.021022,4.238114,0.000000,0.000000,5.000000,0.762288,0
1784320375.760434,FIXED400,TRACKING,400,26.471308,42.084410,0.010441,-0.021779,4.329059,0.000000,0.000000,5.000000,0.671376,0
1784320375.810435,FIXED400,TRACKING,400,27.568187,51.028821,0.009193,-0.021373,4.373573,0.000000,0.000000,5.000000,0.626859,0
1784320375.860427,FIXED400,TRACKING,400,26.518496,42.090466,0.005864,-0.017214,4.469696,0.000000,0.000000,5.000000,0.530616,0
1784320375.910434,FIXED400,TRACKING,400,25.381197,48.797833,0.004635,-0.015683,4.511400,0.000000,0.000000,5.000000,0.488874,0
1784320375.960437,FIXED400,TRACKING,400,27.446475,42.952501,0.003989,-0.009685,4.591804,0.000000,0.000000,5.000000,0.408331,0
1784320376.010331,FIXED400,TRACKING,400,26.490503,48.872281,0.003745,-0.006953,4.628449,0.000000,0.000000,5.000000,0.371634,0
1784320376.060359,FIXED400,TRACKING,400,26.342057,41.729860,0.001473,-0.005279,4.704238,2.000000,0.000000,5.000000,2.020300,0
1784320376.110388,FIXED400,TRACKING,400,26.555619,50.048233,-0.000336,-0.006435,4.735023,2.000000,0.000000,5.000000,2.017820,0
1784320376.160365,FIXED400,TRACKING,400,27.525774,42.873936,-0.003469,-0.007906,4.792033,2.000000,0.000000,5.000000,2.014250,0
1784320376.210384,FIXED400,TRACKING,400,27.377068,49.806913,-0.005048,-0.008734,4.813014,2.000000,0.000000,5.000000,2.013767,0
1784320376.260434,FIXED400,TRACKING,400,27.088386,42.687128,-0.006630,-0.009295,4.855099,2.000000,0.000000,5.000000,2.011877,0
1784320376.310465,FIXED400,TRACKING,400,27.856744,50.702683,-0.007393,-0.008532,4.875742,2.000000,0.000000,5.000000,2.011253,0
1784320376.360456,FIXED400,TRACKING,400,26.982977,42.573713,-0.007440,-0.005826,4.920398,2.000000,0.000000,5.000000,2.009026,0
1784320376.410435,FIXED400,TRACKING,400,27.253079,50.181723,-0.005252,-0.004338,4.938075,2.000000,0.000000,5.000000,2.006213,0
1784320376.460429,FIXED400,TRACKING,400,27.244493,42.793173,0.004259,-0.003952,4.966033,2.000000,0.000000,5.000000,1.996034,0
1784320376.510367,FIXED400,TRACKING,400,27.333893,49.960303,0.011501,-0.004277,4.974043,2.000000,0.000000,5.000000,1.988673,0
1784320376.560431,FIXED400,TRACKING,400,26.711222,42.239238,0.035232,-0.007447,4.986368,2.000000,0.000000,5.000000,1.964830,0
1784320376.610430,FIXED400,TRACKING,400,26.291335,49.507721,0.051745,-0.010404,4.989608,2.000000,0.000000,5.000000,1.948310,0
1784320376.660359,FIXED400,TRACKING,400,27.341689,42.826248,0.096398,-0.014692,4.990111,2.000000,0.000000,5.000000,1.903684,0
1784320376.710440,FIXED400,TRACKING,400,27.039779,49.695899,0.121371,-0.015952,4.984416,2.000000,0.000000,5.000000,1.878761,0
1784320376.760434,FIXED400,TRACKING,400,26.828180,42.307438,0.175921,-0.017053,4.967492,2.000000,0.000000,5.000000,1.824448,0
1784320376.810448,FIXED400,TRACKING,400,27.944414,51.055993,0.207291,-0.016277,4.957573,2.000000,0.000000,5.000000,1.793285,0
1784320376.860423,FIXED400,TRACKING,400,26.618138,42.076423,0.292371,-0.008383,4.930175,2.000000,0.000000,5.000000,1.709077,0
1784320376.910458,FIXED400,TRACKING,400,28.034087,51.383832,0.332513,-0.004487,4.919682,2.000000,0.000000,5.000000,1.669426,0
1784320376.960423,FIXED400,TRACKING,400,24.731543,40.294824,0.421912,0.004996,4.896759,2.000000,0.000000,5.000000,1.581470,0
1784320377.010458,FIXED400,TRACKING,400,30.705870,55.944240,0.468142,0.010153,4.883682,2.000000,0.000000,5.000000,1.536301,0
1784320377.060352,FIXED400,TRACKING,400,26.209349,41.570639,0.577595,0.022412,4.852122,2.000000,0.000000,5.000000,1.430247,0
1784320377.110361,FIXED400,TRACKING,400,26.784115,50.488420,0.628883,0.027962,4.838080,2.000000,0.000000,5.000000,1.380928,0
1784320377.160463,FIXED400,TRACKING,400,27.496361,43.136588,0.733670,0.039125,4.813145,2.000000,0.000000,5.000000,1.280639,0
1784320377.210367,FIXED400,TRACKING,400,27.038317,49.379854,0.787097,0.044041,4.803178,2.000000,0.000000,5.000000,1.229557,0
1784320377.260435,FIXED400,TRACKING,400,27.145612,42.745670,0.909790,0.053784,4.785113,2.000000,0.000000,5.000000,1.112487,0
1784320377.310375,FIXED400,TRACKING,400,26.798948,49.469223,0.964682,0.057907,4.776649,2.000000,0.000000,5.000000,1.060718,0
1784320377.360365,FIXED400,TRACKING,400,27.285212,42.763864,1.075342,0.065609,4.765762,2.000000,0.000000,5.000000,0.956120,0
1784320377.410370,FIXED400,TRACKING,400,26.364009,49.021412,1.131328,0.068983,4.762507,2.000000,0.000000,5.000000,0.903191,0
1784320377.460473,FIXED400,TRACKING,400,28.218455,43.877644,1.260462,0.072921,4.761881,2.000000,0.000000,5.000000,0.780342,0
1784320377.510439,FIXED400,TRACKING,400,26.476082,48.156230,1.318442,0.073903,4.764097,2.000000,0.000000,5.000000,0.725005,0
1784320377.560442,FIXED400,TRACKING,400,27.405457,43.016887,1.434466,0.075224,4.770058,2.000000,0.000000,5.000000,0.615110,0
1784320377.610452,FIXED400,TRACKING,400,27.402358,49.943393,1.492388,0.075793,4.775125,2.000000,0.000000,5.000000,0.560342,0
1784320377.660434,FIXED400,TRACKING,400,27.298994,42.891893,1.622509,0.076880,4.789966,2.000000,0.000000,5.000000,0.438776,0
1784320377.710387,FIXED400,TRACKING,400,26.593557,49.176134,1.680138,0.077289,4.797960,2.000000,0.000000,5.000000,0.386142,0
1784320377.760375,FIXED400,TRACKING,400,26.938436,42.459664,1.794342,0.077017,4.816714,2.000000,2.000000,5.000000,1.942615,0
1784320377.810465,FIXED400,TRACKING,400,27.214095,50.174671,1.851307,0.076024,4.827317,2.000000,2.000000,5.000000,1.937424,0
1784320377.860363,FIXED400,TRACKING,400,27.199702,42.750143,1.980990,0.071577,4.847859,2.000000,2.000000,5.000000,1.934508,0
1784320377.910445,FIXED400,TRACKING,400,27.140248,49.945764,2.037198,0.069066,4.853727,2.000000,2.000000,5.000000,1.936823,0
1784320377.960444,FIXED400,TRACKING,400,27.671022,43.267806,2.141527,0.059280,4.870460,2.000000,2.000000,5.000000,1.950180,0
1784320378.010479,FIXED400,TRACKING,400,27.554417,49.851844,2.189952,0.055244,4.885835,2.000000,2.000000,5.000000,1.957343,0
1784320378.060326,FIXED400,TRACKING,400,27.758520,43.223272,2.287748,0.049044,4.925345,2.000000,2.000000,5.000000,1.973475,0
1784320378.110398,FIXED400,TRACKING,400,26.995172,49.224122,2.327513,0.046982,4.937303,2.000000,2.000000,5.000000,1.981281,0
1784320378.160484,FIXED400,TRACKING,400,27.882676,43.382422,2.404272,0.046937,4.946232,2.000000,2.000000,5.000000,1.995190,0
1784320378.210475,FIXED400,TRACKING,400,26.924031,48.967709,2.439713,0.049785,4.948327,2.000000,2.000000,5.000000,1.999839,0
1784320378.260489,FIXED400,TRACKING,400,27.722943,43.354971,2.513648,0.067106,4.949982,2.000000,2.000000,5.000000,2.000604,0
1784320378.310433,FIXED400,TRACKING,400,27.584668,49.685519,2.541462,0.082578,4.952365,2.000000,2.000000,5.000000,1.992977,0
1784320378.360433,FIXED400,TRACKING,400,27.091015,42.689296,2.588487,0.126342,4.959273,2.000000,2.000000,5.000000,1.964324,0
1784320378.410438,FIXED400,TRACKING,400,27.629545,50.476266,2.609486,0.152392,4.964733,2.000000,2.000000,5.000000,1.945861,0
1784320378.460434,FIXED400,TRACKING,400,27.116927,42.737587,2.643451,0.230886,4.981295,2.000000,2.000000,5.000000,1.882589,0
1784320378.510432,FIXED400,TRACKING,400,27.477413,50.296300,2.655483,0.269273,4.987509,2.000000,2.000000,5.000000,1.850738,0
1784320378.560364,FIXED400,TRACKING,400,27.108317,42.561964,2.673218,0.349668,4.995008,2.000000,2.000000,5.000000,1.782370,0
1784320378.610375,FIXED400,TRACKING,400,26.773528,49.609952,2.678138,0.391910,4.996712,2.000000,2.000000,5.000000,1.745232,0
1784320378.660440,FIXED400,TRACKING,400,27.734002,43.283700,2.684051,0.489793,4.998607,2.000000,2.000000,5.000000,1.657907,0
1784320378.710359,FIXED400,TRACKING,400,26.973160,49.083159,2.683316,0.535073,4.996716,2.000000,2.000000,5.000000,1.616460,0
1784320378.760437,FIXED400,TRACKING,400,27.137000,42.659407,2.678839,0.626870,4.988966,2.000000,2.000000,5.000000,1.531806,0
1784320378.810442,FIXED400,TRACKING,400,27.043192,49.835886,2.674327,0.673752,4.985740,2.000000,2.000000,5.000000,1.487903,0
1784320378.860368,FIXED400,TRACKING,400,27.109512,42.663503,2.657582,0.781265,4.977302,2.000000,2.000000,5.000000,1.385007,0
1784320378.910444,FIXED400,TRACKING,400,26.777539,49.648606,2.647960,0.829451,4.974982,2.000000,2.000000,5.000000,1.338156,0
1784320378.960441,FIXED400,TRACKING,400,27.925242,43.579428,2.621583,0.927537,4.972970,2.000000,2.000000,5.000000,1.239868,0
1784320379.010357,FIXED400,TRACKING,400,26.254577,48.179974,2.606229,0.976494,4.972471,2.000000,2.000000,5.000000,1.189889,0
1784320379.060364,FIXED400,TRACKING,400,27.525178,43.018977,2.565362,1.085529,4.974002,2.000000,2.000000,5.000000,1.075438,0
1784320379.110368,FIXED400,TRACKING,400,25.922608,48.316977,2.544670,1.133532,4.975715,2.000000,2.000000,5.000000,1.023729,0
1784320379.160363,FIXED400,TRACKING,400,26.748714,42.286662,2.501419,1.229633,4.978877,2.000000,2.000000,5.000000,0.919419,0
1784320379.210364,FIXED400,TRACKING,400,25.799025,48.985397,2.477658,1.277083,4.977837,2.000000,2.000000,5.000000,0.866751,0
1784320379.260434,FIXED400,TRACKING,400,27.436063,42.979653,2.422045,1.384316,4.977921,2.000000,2.000000,5.000000,0.746777,0
1784320379.310375,FIXED400,TRACKING,400,26.735502,49.145888,2.395267,1.431582,4.976683,2.000000,2.000000,5.000000,0.692732,0
1784320379.360435,FIXED400,TRACKING,400,27.081830,42.678933,2.338645,1.525385,4.970753,2.000000,2.000000,5.000000,0.583777,0
1784320379.410489,FIXED400,TRACKING,400,27.118442,50.023364,2.310318,1.572530,4.966114,2.000000,2.000000,5.000000,0.529317,0
1784320379.460471,FIXED400,TRACKING,400,27.066424,42.600670,2.246460,1.680024,4.954554,2.000000,2.000000,5.000000,0.406439,0
1784320379.510437,FIXED400,TRACKING,400,26.721298,49.564427,2.217923,1.727986,4.950239,2.000000,2.000000,5.000000,0.352077,0
1784320379.560444,FIXED400,TRACKING,400,27.208240,42.908472,2.159716,1.823178,4.948209,0.000000,2.000000,5.000000,2.167561,0
1784320379.610440,FIXED400,TRACKING,400,26.912479,49.535362,2.129876,1.869993,4.949761,0.000000,2.000000,5.000000,2.134432,0
1784320379.660367,FIXED400,TRACKING,400,26.981488,42.433900,2.063355,1.973298,4.951937,0.000000,2.000000,5.000000,2.064088,0
1784320379.710497,FIXED400,TRACKING,400,27.954889,51.035083,2.033010,2.017754,4.948032,0.000000,2.000000,5.000000,2.033752,0
1784320379.760362,FIXED400,TRACKING,400,27.113772,42.506667,1.973298,2.101965,4.950558,0.000000,2.000000,5.000000,1.976549,0
1784320379.810503,FIXED400,TRACKING,400,27.587251,50.546285,1.943644,2.140837,4.955964,0.000000,2.000000,5.000000,1.949237,0
1784320379.860365,FIXED400,TRACKING,400,26.971131,42.449421,1.875669,2.219200,4.972516,0.000000,2.000000,5.000000,1.888634,0
1784320379.910475,FIXED400,TRACKING,400,27.981561,51.049547,1.844375,2.252423,4.978642,0.000000,2.000000,5.000000,1.861691,0
1784320379.960469,FIXED400,TRACKING,400,27.382329,42.919178,1.783842,2.313970,4.981153,0.000000,2.000000,5.000000,1.811360,0
1784320380.010483,FIXED400,TRACKING,400,27.290797,49.860474,1.751321,2.342557,4.984606,0.000000,2.000000,5.000000,1.784575,0
1784320380.060358,FIXED400,TRACKING,400,27.204322,42.718348,1.671879,2.399685,4.993502,0.000000,2.000000,5.000000,1.719003,0
1784320380.110374,FIXED400,TRACKING,400,26.610551,49.334833,1.634102,2.421422,4.997114,0.000000,2.000000,5.000000,1.687570,0
1784320380.160445,FIXED400,TRACKING,400,28.271566,43.875365,1.555439,2.459847,5.004278,0.000000,2.000000,5.000000,1.621995,0
1784320380.210477,FIXED400,TRACKING,400,26.846605,48.544869,1.515844,2.475081,5.007241,0.000000,2.000000,5.000000,1.588564,0
1784320380.260436,FIXED400,TRACKING,400,27.534094,43.018358,1.423234,2.503779,5.013416,0.000000,2.000000,5.000000,1.509824,0
1784320380.310485,FIXED400,TRACKING,400,27.359839,49.746874,1.379356,2.512450,5.017666,0.000000,2.000000,5.000000,1.471578,0
1784320380.360483,FIXED400,TRACKING,400,27.522078,43.159342,1.287542,2.523354,5.025031,0.000000,2.000000,5.000000,1.390068,0
1784320380.410479,FIXED400,TRACKING,400,27.002598,49.414628,1.240735,2.527202,5.028738,0.000000,2.000000,5.000000,1.348403,0
1784320380.460479,FIXED400,TRACKING,400,27.656101,43.224870,1.133714,2.527006,5.038721,0.000000,2.000000,5.000000,1.250817,0
1784320380.510470,FIXED400,TRACKING,400,26.903444,49.170920,1.085542,2.525259,5.040646,0.000000,2.000000,5.000000,1.206628,0
1784320380.560433,FIXED400,TRACKING,400,26.961764,42.562377,0.985678,2.519465,5.042275,0.000000,2.000000,5.000000,1.114986,0
1784320380.610370,FIXED400,TRACKING,400,27.233929,50.138323,0.933371,2.515192,5.042837,0.000000,2.000000,5.000000,1.066977,0
1784320380.660432,FIXED400,TRACKING,400,27.101025,42.690994,0.814681,2.500611,5.040974,0.000000,2.000000,5.000000,0.957076,0
1784320380.710437,FIXED400,TRACKING,400,26.548365,49.382681,0.759431,2.488093,5.040278,0.000000,2.000000,5.000000,0.903655,0
1784320380.760470,FIXED400,TRACKING,400,27.859028,43.466430,0.649106,2.460697,5.039873,0.000000,2.000000,5.000000,0.796976,0
1784320380.810372,FIXED400,TRACKING,400,27.064937,49.031186,0.594116,2.445662,5.038335,0.000000,2.000000,5.000000,0.743679,0
1784320380.860450,FIXED400,TRACKING,400,27.534457,43.178117,0.471155,2.407425,5.028259,0.000000,2.000000,5.000000,0.623523,0
1784320380.910483,FIXED400,TRACKING,400,27.230096,49.656896,0.416929,2.389670,5.022193,0.000000,2.000000,5.000000,0.571108,0
1784320380.960442,FIXED400,TRACKING,400,27.083512,42.639422,0.306057,2.350687,5.004409,0.000000,2.000000,5.000000,0.465480,0
1784320381.010460,FIXED400,TRACKING,400,26.708262,49.578392,0.237507,2.325127,4.996017,0.000000,2.000000,5.000000,0.402658,0
1784320381.060353,FIXED400,TRACKING,400,27.287647,42.718707,0.129145,2.281079,4.992520,0.000000,2.000000,5.000000,0.309419,0
1784320381.110342,FIXED400,TRACKING,400,26.307293,48.983660,0.075728,2.257993,4.992803,0.000000,0.000000,5.000000,2.259274,0
1784320381.160373,FIXED400,TRACKING,400,27.406417,42.742327,-0.028432,2.212051,4.991781,0.000000,0.000000,5.000000,2.212249,0
1784320381.210439,FIXED400,TRACKING,400,26.351008,48.928397,-0.079584,2.191175,4.992718,0.000000,0.000000,5.000000,2.192632,0
1784320381.260443,FIXED400,TRACKING,400,27.684480,43.294957,-0.189086,2.142828,5.003391,0.000000,0.000000,5.000000,2.151157,0
1784320381.310441,FIXED400,TRACKING,400,27.057990,49.279831,-0.235211,2.121176,5.007454,0.000000,0.000000,5.000000,2.134190,0
1784320381.360428,FIXED400,TRACKING,400,27.843762,43.412799,-0.323024,2.077241,5.007410,0.000000,0.000000,5.000000,2.102220,0
1784320381.410432,FIXED400,TRACKING,400,27.264042,49.352837,-0.364308,2.053797,5.008775,0.000000,0.000000,5.000000,2.085877,0
1784320381.460435,FIXED400,TRACKING,400,27.124913,42.656855,-0.449304,1.994954,5.018255,0.000000,0.000000,5.000000,2.045005,0
1784320381.510480,FIXED400,TRACKING,400,27.734053,50.587462,-0.483952,1.965868,5.024498,0.000000,0.000000,5.000000,2.024709,0
1784320381.560367,FIXED400,TRACKING,400,26.790261,42.213545,-0.546100,1.899832,5.039344,0.000000,0.000000,5.000000,1.977154,0
1784320381.610442,FIXED400,TRACKING,400,27.392200,50.598760,-0.572973,1.862273,5.048249,0.000000,0.000000,5.000000,1.949022,0
1784320381.660435,FIXED400,TRACKING,400,27.422860,42.919576,-0.626553,1.771349,5.069289,0.000000,0.000000,5.000000,1.880172,0
1784320381.710427,FIXED400,TRACKING,400,25.664190,48.161012,-0.646842,1.725046,5.079786,0.000000,0.000000,5.000000,1.844059,0
1784320381.760441,FIXED400,TRACKING,400,27.955315,43.487511,-0.682857,1.630569,5.099690,0.000000,0.000000,5.000000,1.770589,0
1784320381.810450,FIXED400,TRACKING,400,26.491958,48.471525,-0.698209,1.582695,5.106148,0.000000,0.000000,5.000000,1.733114,0
1784320381.860434,FIXED400,TRACKING,400,27.893502,43.470930,-0.723917,1.473577,5.104758,0.000000,0.000000,5.000000,1.645132,0
1784320381.910444,FIXED400,TRACKING,400,27.209352,49.253347,-0.733759,1.424964,5.099691,0.000000,0.000000,5.000000,1.605884,0
1784320381.960432,FIXED400,TRACKING,400,26.929395,42.473054,-0.747694,1.327187,5.089847,0.000000,0.000000,5.000000,1.525957,0
1784320382.010443,FIXED400,TRACKING,400,27.169036,50.187010,-0.752840,1.277740,5.084903,0.000000,0.000000,5.000000,1.485461,0
1784320382.060432,FIXED400,TRACKING,400,27.368924,42.896943,-0.760555,1.163721,5.073474,0.000000,0.000000,5.000000,1.392152,0
1784320382.110442,FIXED400,TRACKING,400,27.328460,49.885299,-0.762306,1.111889,5.066850,0.000000,0.000000,5.000000,1.349769,0
1784320382.160365,FIXED400,TRACKING,400,26.170443,41.662410,-0.761526,1.007472,5.052051,0.000000,0.000000,5.000000,1.263974,0
1784320382.210456,FIXED400,TRACKING,400,27.755039,51.603853,-0.758197,0.954262,5.042336,0.000000,0.000000,5.000000,1.219537,0
1784320382.260481,FIXED400,TRACKING,400,27.295230,42.906450,-0.744901,0.834110,5.023847,0.000000,0.000000,5.000000,1.118565,0
1784320382.310487,FIXED400,TRACKING,400,27.197116,49.804385,-0.736050,0.779500,5.017734,0.000000,0.000000,5.000000,1.072243,0
1784320382.360436,FIXED400,TRACKING,400,27.133644,42.728339,-0.713369,0.668809,5.006350,0.000000,0.000000,5.000000,0.977876,0
1784320382.410504,FIXED400,TRACKING,400,27.484193,50.356412,-0.699911,0.614054,5.001012,0.000000,0.000000,5.000000,0.931096,0
1784320382.460448,FIXED400,TRACKING,400,27.020152,42.648894,-0.662839,0.490151,4.993548,0.000000,0.000000,5.000000,0.824407,0
1784320382.510488,FIXED400,TRACKING,400,27.146381,50.102423,-0.643708,0.435898,4.993157,0.000000,0.000000,5.000000,0.777441,0
1784320382.560434,FIXED400,TRACKING,400,27.118126,42.673834,-0.600340,0.329133,4.991863,0.000000,0.000000,5.000000,0.684692,0
1784320382.610473,FIXED400,TRACKING,400,27.315334,50.163221,-0.575609,0.276638,4.992376,0.000000,0.000000,5.000000,0.638681,0
1784320382.660369,FIXED400,TRACKING,400,25.977499,41.477454,-0.516622,0.161726,4.991359,0.000000,0.000000,5.000000,0.541413,0
1784320382.710368,FIXED400,TRACKING,400,27.451240,51.388268,-0.489292,0.112984,4.989639,0.000000,0.000000,5.000000,0.502274,0
1784320382.760369,FIXED400,TRACKING,400,27.268776,42.802030,-0.431820,0.018320,4.990996,0.000000,0.000000,5.000000,0.432302,0
1784320382.810454,FIXED400,TRACKING,400,26.810081,49.550475,-0.401948,-0.028229,4.991396,0.000000,0.000000,5.000000,0.403029,0
1784320382.860381,FIXED400,TRACKING,400,27.331875,42.894769,-0.331784,-0.132107,4.994432,0.000000,0.000000,5.000000,0.357161,0
1784320382.910368,FIXED400,TRACKING,400,26.404183,48.986488,-0.299960,-0.176046,4.997099,0.000000,0.000000,5.000000,0.347816,0
1784320382.960354,FIXED400,TRACKING,400,27.220603,42.735046,-0.231189,-0.260328,5.001320,0.000000,0.000000,5.000000,0.348168,0
1784320383.010365,FIXED400,TRACKING,400,26.709793,49.440621,-0.188176,-0.310155,5.001152,0.000000,0.000000,5.000000,0.362778,0
1784320383.060367,FIXED400,TRACKING,400,27.506465,43.042669,-0.119757,-0.383855,4.999403,0.000000,0.000000,5.000000,0.402103,0
1784320383.110438,FIXED400,TRACKING,400,27.400102,49.864917,-0.085863,-0.417576,4.998066,0.000000,0.000000,5.000000,0.426317,0
1784320383.160363,FIXED400,TRACKING,400,26.228110,41.663697,-0.019340,-0.477645,4.996485,0.000000,0.000000,5.000000,0.478049,0
1784320383.210367,FIXED400,TRACKING,400,26.760821,50.467981,0.017244,-0.503791,4.997010,0.000000,0.000000,5.000000,0.504095,0
1784320383.260365,FIXED400,TRACKING,400,27.042782,42.576592,0.095577,-0.553303,4.999457,0.000000,0.000000,5.000000,0.561497,0
1784320383.310365,FIXED400,TRACKING,400,26.160645,49.003170,0.128409,-0.570149,5.000286,0.000000,0.000000,5.000000,0.584431,0
1784320383.360362,FIXED400,TRACKING,400,26.080702,41.553832,0.189894,-0.594138,5.002551,0.000000,0.000000,5.000000,0.623752,0
1784320383.410447,FIXED400,TRACKING,400,26.399174,50.320221,0.218525,-0.602580,5.003094,0.000000,0.000000,5.000000,0.640988,0
1784320383.460428,FIXED400,TRACKING,400,27.155002,42.761037,0.279237,-0.611513,5.002569,0.000000,0.000000,5.000000,0.672256,0
1784320383.510429,FIXED400,TRACKING,400,26.371084,49.149515,0.303720,-0.611602,5.001917,0.000000,0.000000,5.000000,0.682866,0
1784320383.560428,FIXED400,TRACKING,400,26.426329,41.952709,0.346128,-0.606083,5.002644,0.000000,0.000000,5.000000,0.697960,0
1784320383.610404,FIXED400,TRACKING,400,27.111357,50.588776,0.363542,-0.600696,5.005208,0.000000,0.000000,5.000000,0.702158,0
1784320383.660427,FIXED400,TRACKING,400,27.057215,42.636827,0.397117,-0.580858,5.007564,0.000000,0.000000,5.000000,0.703673,0
1784320383.710363,FIXED400,TRACKING,400,26.121645,48.924531,0.409334,-0.565319,5.008774,0.000000,0.000000,5.000000,0.698009,0
1784320383.760371,FIXED400,TRACKING,400,27.205947,42.746471,0.428171,-0.529668,5.014530,0.000000,0.000000,5.000000,0.681241,0
1784320383.810439,FIXED400,TRACKING,400,26.014690,48.796403,0.434592,-0.509357,5.018264,0.000000,0.000000,5.000000,0.669812,0
1784320383.860437,FIXED400,TRACKING,400,27.607041,43.145104,0.440865,-0.456266,5.029240,0.000000,0.000000,5.000000,0.635135,0
1784320383.910489,FIXED400,TRACKING,400,26.263329,48.634133,0.440882,-0.431044,5.034435,0.000000,0.000000,5.000000,0.617545,0
1784320383.960360,FIXED400,TRACKING,400,26.944493,42.365694,0.436385,-0.377493,5.041662,0.000000,0.000000,5.000000,0.578506,0
1784320384.011002,FIXED400,TRACKING,400,24.378634,48.009028,0.431104,-0.342854,5.042186,0.000000,0.000000,5.000000,0.552430,0
1784320384.060369,FIXED400,TRACKING,400,27.604866,43.025993,0.417995,-0.284679,5.038090,0.000000,0.000000,5.000000,0.507162,0
1784320384.110371,FIXED400,TRACKING,400,25.903418,48.211468,0.409355,-0.254200,5.035360,0.000000,0.000000,5.000000,0.483156,0
1784320384.160425,FIXED400,TRACKING,400,25.421535,40.940173,0.388906,-0.192139,5.028999,0.000000,0.000000,5.000000,0.434748,0
1784320384.210413,FIXED400,TRACKING,400,28.730446,53.233953,0.377973,-0.158398,5.027655,0.000000,0.000000,5.000000,0.410754,0
1784320384.260389,FIXED400,TRACKING,400,25.669343,41.153225,0.349455,-0.083509,5.021957,0.000000,0.000000,5.000000,0.359965,0
1784320384.310445,FIXED400,TRACKING,400,26.072932,50.342872,0.334734,-0.049638,5.020246,0.000000,0.000000,5.000000,0.338999,0
1784320384.360430,FIXED400,TRACKING,400,25.739842,41.278660,0.302104,0.018049,5.018055,0.000000,0.000000,5.000000,0.303181,0
1784320384.410445,FIXED400,TRACKING,400,27.946138,52.157188,0.284773,0.050181,5.016795,0.000000,0.000000,5.000000,0.289648,0
1784320384.460492,FIXED400,TRACKING,400,26.499744,42.040619,0.242856,0.116804,5.008646,0.000000,0.000000,5.000000,0.269624,0
1784320384.510437,FIXED400,TRACKING,400,27.024799,50.395577,0.223298,0.144422,5.004547,0.000000,0.000000,5.000000,0.265971,0
1784320384.560432,FIXED400,TRACKING,400,26.906565,42.534132,0.183472,0.194432,4.999404,0.000000,0.000000,5.000000,0.267332,0
1784320384.610442,FIXED400,TRACKING,400,27.030824,50.068699,0.163476,0.216451,4.998141,0.000000,0.000000,5.000000,0.271254,0
1784320384.660426,FIXED400,TRACKING,400,25.779973,41.346616,0.117628,0.261580,4.994622,0.000000,0.000000,5.000000,0.286861,0
1784320384.710448,FIXED400,TRACKING,400,27.345510,51.511932,0.096913,0.277714,4.995140,0.000000,0.000000,5.000000,0.294178,0
1784320384.760437,FIXED400,TRACKING,400,27.215069,42.817514,0.055862,0.306021,4.999691,0.000000,0.000000,5.000000,0.311078,0
1784320384.810491,FIXED400,TRACKING,400,27.423795,50.190808,0.036451,0.317508,5.002901,0.000000,0.000000,5.000000,0.319606,0
1784320384.860426,FIXED400,TRACKING,400,26.329513,41.945885,-0.001384,0.334734,5.008746,0.000000,0.000000,5.000000,0.334851,0
1784320384.910446,FIXED400,TRACKING,400,27.296262,50.916611,-0.017566,0.340553,5.011712,0.000000,0.000000,5.000000,0.341207,0
1784320384.960365,FIXED400,TRACKING,400,26.347232,41.802060,-0.045033,0.346917,5.017891,0.000000,0.000000,5.000000,0.350285,0
1784320385.010487,FIXED400,TRACKING,400,27.429559,51.143372,-0.057947,0.348308,5.020069,0.000000,0.000000,5.000000,0.353665,0
1784320385.060404,FIXED400,TRACKING,400,26.979911,42.463890,-0.084010,0.345821,5.024255,0.000000,0.000000,5.000000,0.356705,0
1784320385.110369,FIXED400,TRACKING,400,25.426906,48.317335,-0.094159,0.342234,5.026509,0.000000,0.000000,5.000000,0.355939,0
1784320385.160433,FIXED400,TRACKING,400,27.523351,43.161554,-0.113244,0.332619,5.028098,0.000000,0.000000,5.000000,0.352490,0
1784320385.210496,FIXED400,TRACKING,400,26.961839,49.438770,-0.121343,0.323232,5.027825,0.000000,0.000000,5.000000,0.346377,0
1784320385.260448,FIXED400,TRACKING,400,27.796872,43.445153,-0.137977,0.300026,5.028592,0.000000,0.000000,5.000000,0.331468,0
1784320385.310497,FIXED400,TRACKING,400,26.879743,49.026547,-0.143524,0.288155,5.029566,0.000000,0.000000,5.000000,0.323274,0
1784320385.360438,FIXED400,TRACKING,400,27.063946,42.699009,-0.151232,0.261830,5.029834,0.000000,0.000000,5.000000,0.303835,0
1784320385.410488,FIXED400,TRACKING,400,26.304844,49.167308,-0.154251,0.247972,5.029891,0.000000,0.000000,5.000000,0.293560,0
1784320385.460445,FIXED400,TRACKING,400,27.675285,43.239870,-0.157588,0.217366,5.032280,0.000000,0.000000,5.000000,0.270414,0
1784320385.510489,FIXED400,TRACKING,400,26.285937,48.585606,-0.157676,0.203007,5.034865,0.000000,0.000000,5.000000,0.259402,0
1784320385.560392,FIXED400,TRACKING,400,27.342029,42.909593,-0.154450,0.170871,5.039297,0.000000,0.000000,5.000000,0.233657,0
1784320385.610441,FIXED400,TRACKING,400,25.881901,48.512884,-0.150954,0.152868,5.040732,0.000000,0.000000,5.000000,0.218666,0
1784320385.660437,FIXED400,TRACKING,400,27.526070,43.119876,-0.141666,0.111219,5.040151,0.000000,0.000000,5.000000,0.184529,0
1784320385.710479,FIXED400,TRACKING,400,25.842667,48.275274,-0.135831,0.089065,5.037754,0.000000,0.000000,5.000000,0.166757,0
1784320385.760487,FIXED400,TRACKING,400,27.544536,43.074976,-0.123617,0.046445,5.033529,0.000000,0.000000,5.000000,0.136244,0
1784320385.810384,FIXED400,TRACKING,400,25.692892,47.966544,-0.117347,0.025911,5.031725,0.000000,0.000000,5.000000,0.124291,0
1784320385.860390,FIXED400,TRACKING,400,27.538508,42.950719,-0.103165,-0.018837,5.028074,0.000000,0.000000,5.000000,0.108564,0
1784320385.910429,FIXED400,TRACKING,400,25.985010,48.403442,-0.096460,-0.037566,5.026670,0.000000,0.000000,5.000000,0.106897,0
1784320385.960394,FIXED400,TRACKING,400,27.659864,43.240058,-0.082142,-0.073035,5.026527,0.000000,0.000000,5.000000,0.113071,0
1784320386.010418,FIXED400,TRACKING,400,26.351291,48.642586,-0.074714,-0.089648,5.027885,0.000000,0.000000,5.000000,0.119986,0
1784320386.060390,FIXED400,TRACKING,400,27.034947,42.511381,-0.055406,-0.124478,5.027956,0.000000,0.000000,5.000000,0.139091,0
1784320386.110386,FIXED400,TRACKING,400,25.858613,48.724441,-0.045657,-0.138726,5.028240,0.000000,0.000000,5.000000,0.148751,0
1784320386.160443,FIXED400,TRACKING,400,27.290684,42.776524,-0.026967,-0.164662,5.030929,0.000000,0.000000,5.000000,0.169697,0
1784320386.210475,FIXED400,TRACKING,400,26.088085,48.763286,-0.017734,-0.180693,5.032783,0.000000,0.000000,5.000000,0.184497,0
1784320386.260378,FIXED400,TRACKING,400,27.822478,43.400174,0.002074,-0.212092,5.032228,0.000000,0.000000,5.000000,0.214537,0
1784320386.310387,FIXED400,TRACKING,400,25.554589,47.619916,0.010281,-0.223820,5.031515,0.000000,0.000000,5.000000,0.226262,0
1784320386.360438,FIXED400,TRACKING,400,27.440858,42.921196,0.027556,-0.244974,5.032119,0.000000,0.000000,5.000000,0.248603,0
1784320386.410435,FIXED400,TRACKING,400,26.105127,48.598491,0.033044,-0.250396,5.033322,0.000000,0.000000,5.000000,0.254755,0
1784320386.460442,FIXED400,TRACKING,400,27.205456,42.679090,0.048329,-0.262631,5.040440,0.000000,0.000000,5.000000,0.270086,0
1784320386.510490,FIXED400,TRACKING,400,25.942781,48.711822,0.054610,-0.266153,5.044490,0.000000,0.000000,5.000000,0.275316,0
1784320386.560463,FIXED400,TRACKING,400,27.525292,42.980564,0.070609,-0.269160,5.057607,0.000000,0.000000,5.000000,0.284168,0
1784320386.610496,FIXED400,TRACKING,400,25.684341,48.116126,0.076804,-0.268710,5.061800,0.000000,0.000000,5.000000,0.286222,0
1784320386.660508,FIXED400,TRACKING,400,27.629593,43.204850,0.093607,-0.263596,5.071291,0.000000,0.000000,5.000000,0.288665,0
1784320386.710485,FIXED400,TRACKING,400,25.945139,48.211136,0.099288,-0.259336,5.073584,0.000000,0.000000,5.000000,0.287276,0
1784320386.760422,FIXED400,TRACKING,400,25.860088,41.342522,0.109760,-0.248316,5.074621,0.000000,0.000000,5.000000,0.281560,0
1784320386.810493,FIXED400,TRACKING,400,26.661818,50.789265,0.114990,-0.241745,5.074574,0.000000,0.000000,5.000000,0.277893,0
1784320386.860388,FIXED400,TRACKING,400,26.522777,41.934036,0.127904,-0.224566,5.080413,0.000000,0.000000,5.000000,0.270658,0
1784320386.910488,FIXED400,TRACKING,400,26.807343,50.315682,0.132415,-0.215961,5.081191,0.000000,0.000000,5.000000,0.266016,0
1784320386.960443,FIXED400,TRACKING,400,27.226165,42.728386,0.139295,-0.199902,5.080789,0.000000,0.000000,5.000000,0.256692,0
1784320387.010491,FIXED400,TRACKING,400,26.440240,49.198120,0.141601,-0.190937,5.080391,0.000000,0.000000,5.000000,0.250940,0
1784320387.060386,FIXED400,TRACKING,400,26.457379,41.971227,0.142871,-0.166737,5.079628,0.000000,0.000000,5.000000,0.233568,0
1784320387.110390,FIXED400,TRACKING,400,24.934681,48.386925,0.141919,-0.154406,5.078147,0.000000,0.000000,5.000000,0.223806,0
1784320387.160432,FIXED400,TRACKING,400,27.395159,42.848786,0.139023,-0.128977,5.071784,0.000000,0.000000,5.000000,0.202770,0
1784320387.210383,FIXED400,TRACKING,400,25.531242,48.016148,0.135920,-0.117633,5.069865,0.000000,0.000000,5.000000,0.192855,0
1784320387.260375,FIXED400,TRACKING,400,27.031772,42.401625,0.128468,-0.090945,5.060009,0.000000,0.000000,5.000000,0.168452,0
1784320387.310400,FIXED400,TRACKING,400,26.052266,48.946850,0.124734,-0.079127,5.054511,0.000000,0.000000,5.000000,0.157452,0
1784320387.360405,FIXED400,TRACKING,400,27.154282,42.646921,0.116290,-0.055758,5.044343,0.000000,0.000000,5.000000,0.136377,0
1784320387.410388,FIXED400,TRACKING,400,25.912489,48.667618,0.111722,-0.043975,5.038991,0.000000,0.000000,5.000000,0.126237,0
1784320387.460434,FIXED400,TRACKING,400,27.591041,43.030847,0.100497,-0.018731,5.036311,0.000000,0.000000,5.000000,0.108485,0
1784320387.510501,FIXED400,TRACKING,400,26.220625,48.625177,0.094886,-0.007471,5.036695,0.000000,0.000000,5.000000,0.102008,0
1784320387.560433,FIXED400,TRACKING,400,27.477127,42.969096,0.083216,0.013486,5.036316,0.000000,0.000000,5.000000,0.091791,0
1784320387.610385,FIXED400,TRACKING,400,25.692885,48.091181,0.077440,0.022508,5.035566,0.000000,0.000000,5.000000,0.088139,0
1784320387.660436,FIXED400,TRACKING,400,25.400607,40.950000,0.064476,0.042101,5.033108,0.000000,0.000000,5.000000,0.083819,0
1784320387.710401,FIXED400,TRACKING,400,26.376500,50.858735,0.060484,0.049345,5.029609,0.000000,0.000000,5.000000,0.083486,0
1784320387.760396,FIXED400,TRACKING,400,26.787355,42.283041,0.051034,0.063653,5.022562,0.000000,0.000000,5.000000,0.084648,0
1784320387.810436,FIXED400,TRACKING,400,26.114684,49.288242,0.046084,0.070133,5.017804,0.000000,0.000000,5.000000,0.085787,0
1784320387.860430,FIXED400,TRACKING,400,27.306815,42.817612,0.035935,0.080620,5.009233,0.000000,0.000000,5.000000,0.088747,0
1784320387.910394,FIXED400,TRACKING,400,26.168067,48.753025,0.031047,0.084892,5.006495,0.000000,0.000000,5.000000,0.090625,0
1784320387.960394,FIXED400,TRACKING,400,27.022550,42.433243,0.020536,0.088444,5.004747,0.000000,0.000000,5.000000,0.090920,0
1784320388.010390,FIXED400,TRACKING,400,25.938390,48.840667,0.014027,0.090201,5.002757,0.000000,0.000000,5.000000,0.091327,0
1784320388.060389,FIXED400,TRACKING,400,27.778065,43.339891,0.003417,0.092209,5.000428,0.000000,0.000000,5.000000,0.092273,0
1784320388.110394,FIXED400,TRACKING,400,25.116956,47.219311,-0.002013,0.092557,5.001653,0.000000,0.000000,5.000000,0.092594,0
1784320388.160386,FIXED400,TRACKING,400,27.475962,42.971096,-0.012980,0.092338,5.005641,0.000000,0.000000,5.000000,0.093416,0
1784320388.210443,FIXED400,TRACKING,400,25.973989,48.486951,-0.018261,0.089438,5.009698,0.000000,0.000000,5.000000,0.091797,0
1784320388.260448,FIXED400,TRACKING,400,27.303674,42.837831,-0.030070,0.082906,5.014460,0.000000,0.000000,5.000000,0.089368,0
1784320388.310494,FIXED400,TRACKING,400,26.241616,48.878662,-0.035050,0.080211,5.015599,0.000000,0.000000,5.000000,0.088914,0
1784320388.360432,FIXED400,TRACKING,400,26.835893,42.262426,-0.044178,0.075060,5.019942,0.000000,0.000000,5.000000,0.089350,0
1784320388.410435,FIXED400,TRACKING,400,25.286131,48.375845,-0.048436,0.072466,5.021283,0.000000,0.000000,5.000000,0.089723,0
1784320388.460435,FIXED400,TRACKING,400,27.595038,43.187317,-0.058273,0.062562,5.021863,0.000000,0.000000,5.000000,0.088248,0
1784320388.510491,FIXED400,TRACKING,400,26.908848,49.298593,-0.062289,0.057802,5.021701,0.000000,0.000000,5.000000,0.087703,0
1784320388.560425,FIXED400,TRACKING,400,26.480414,41.917821,-0.068456,0.043708,5.021587,0.000000,0.000000,5.000000,0.084039,0
1784320388.610440,FIXED400,TRACKING,400,25.931664,49.394999,-0.069445,0.037722,5.022093,0.000000,0.000000,5.000000,0.082059,0
1784320388.660397,FIXED400,TRACKING,400,27.054009,42.562321,-0.070613,0.020360,5.025915,0.000000,0.000000,5.000000,0.077925,0
1784320388.710387,FIXED400,TRACKING,400,25.171508,48.022844,-0.068972,0.011805,5.029613,0.000000,0.000000,5.000000,0.075983,0
1784320388.760514,FIXED400,TRACKING,400,28.400922,43.963011,-0.065235,-0.006044,5.035065,0.000000,0.000000,5.000000,0.074308,0
1784320388.810396,FIXED400,TRACKING,400,25.191691,46.589742,-0.063749,-0.011638,5.035230,0.000000,0.000000,5.000000,0.073760,0
1784320388.860402,FIXED400,TRACKING,400,27.276015,42.709661,-0.058148,-0.027655,5.033433,0.000000,0.000000,5.000000,0.072552,0
1784320388.910431,FIXED400,TRACKING,400,26.099141,48.774518,-0.055788,-0.034316,5.032989,0.000000,0.000000,5.000000,0.073335,0
1784320388.960452,FIXED400,TRACKING,400,27.254917,42.844015,-0.049942,-0.050487,5.029809,0.000000,0.000000,5.000000,0.077018,0
1784320389.010432,FIXED400,TRACKING,400,26.602749,49.263417,-0.047013,-0.057918,5.028023,0.000000,0.000000,5.000000,0.079687,0
1784320389.060398,FIXED400,TRACKING,400,26.775968,42.324498,-0.040925,-0.074687,5.027376,0.000000,0.000000,5.000000,0.089456,0
1784320389.110394,FIXED400,TRACKING,400,25.935457,49.066468,-0.038466,-0.082376,5.027189,0.000000,0.000000,5.000000,0.094893,0
1784320389.160429,FIXED400,TRACKING,400,25.864351,41.177000,-0.033302,-0.095416,5.024236,0.000000,0.000000,5.000000,0.103926,0
1784320389.210445,FIXED400,TRACKING,400,26.266049,50.349934,-0.030673,-0.104403,5.022498,0.000000,0.000000,5.000000,0.111117,0
1784320389.260416,FIXED400,TRACKING,400,27.058832,42.666454,-0.024392,-0.121044,5.020766,0.000000,0.000000,5.000000,0.125211,0
1784320389.310437,FIXED400,TRACKING,400,26.220021,49.083255,-0.020989,-0.126848,5.020092,0.000000,0.000000,5.000000,0.130134,0
1784320389.360449,FIXED400,TRACKING,400,27.324703,42.880106,-0.013361,-0.135586,5.017101,0.000000,0.000000,5.000000,0.137312,0
1784320389.410502,FIXED400,TRACKING,400,26.019526,48.676742,-0.009576,-0.138866,5.014590,0.000000,0.000000,5.000000,0.139958,0
1784320389.460450,FIXED400,TRACKING,400,27.703465,43.224701,0.000301,-0.145721,5.010476,0.000000,0.000000,5.000000,0.146097,0
1784320389.510436,FIXED400,TRACKING,400,25.788402,47.982939,0.005032,-0.147780,5.008721,0.000000,0.000000,5.000000,0.148122,0
1784320389.560392,FIXED400,TRACKING,400,26.327025,41.859020,0.014958,-0.151111,5.007601,0.000000,0.000000,5.000000,0.152039,0
1784320389.610511,FIXED400,TRACKING,400,27.136167,50.853151,0.020224,-0.152905,5.007573,0.000000,0.000000,5.000000,0.154422,0
1784320389.660403,FIXED400,TRACKING,400,27.210725,42.666145,0.032137,-0.153469,5.006692,0.000000,0.000000,5.000000,0.156940,0
1784320389.710396,FIXED400,TRACKING,400,25.584279,48.286525,0.038451,-0.151992,5.004700,0.000000,0.000000,5.000000,0.156850,0
1784320389.760394,FIXED400,TRACKING,400,27.699393,43.197762,0.050617,-0.147325,5.000918,0.000000,0.000000,5.000000,0.155781,0
1784320389.810432,FIXED400,TRACKING,400,25.541685,47.805257,0.056209,-0.143207,5.000919,0.000000,0.000000,5.000000,0.153846,0
1784320389.860440,FIXED400,TRACKING,400,27.596604,43.159965,0.066297,-0.126541,5.014533,0.000000,0.000000,5.000000,0.143593,0
1784320389.910436,FIXED400,TRACKING,400,25.966769,48.294926,0.070182,-0.118537,5.020979,0.000000,0.000000,5.000000,0.139344,0
1784320389.960443,FIXED400,TRACKING,400,27.220730,42.759330,0.077527,-0.098320,5.035416,0.000000,0.000000,5.000000,0.130122,0
1784320390.010401,FIXED400,TRACKING,400,25.603241,48.273561,0.080606,-0.087827,5.039961,0.000000,0.000000,5.000000,0.125729,0
1784320390.060408,FIXED400,TRACKING,400,27.173749,42.691856,0.084857,-0.063134,5.044576,0.000000,0.000000,5.000000,0.114776,0
1784320390.110441,FIXED400,TRACKING,400,25.974617,48.737799,0.085617,-0.051715,5.044940,0.000000,0.000000,5.000000,0.109656,0
1784320390.160429,FIXED400,TRACKING,400,27.232654,42.729765,0.086288,-0.028981,5.046979,0.000000,0.000000,5.000000,0.102433,0
1784320390.210512,FIXED400,TRACKING,400,27.198080,49.979577,0.084494,-0.015546,5.050054,0.000000,0.000000,5.000000,0.099430,0
1784320390.260411,FIXED400,TRACKING,400,27.007280,42.484566,0.079378,0.013535,5.055820,0.000000,0.000000,5.000000,0.097979,0
1784320390.310433,FIXED400,TRACKING,400,27.050235,49.964471,0.077177,0.025836,5.060678,0.000000,0.000000,5.000000,0.101516,0
1784320390.360431,FIXED400,TRACKING,400,27.351635,42.948500,0.073453,0.049225,5.070946,0.000000,0.000000,5.000000,0.113366,0
1784320390.410428,FIXED400,TRACKING,400,26.438455,49.017764,0.071413,0.060177,5.073461,0.000000,0.000000,5.000000,0.118818,0
1784320390.460438,FIXED400,TRACKING,400,27.969769,43.508942,0.066043,0.081891,5.082253,0.000000,0.000000,5.000000,0.133541,0
1784320390.510518,FIXED400,TRACKING,400,26.163772,48.158870,0.063408,0.090711,5.084312,0.000000,0.000000,5.000000,0.139132,0
1784320390.560408,FIXED400,TRACKING,400,26.795444,42.269165,0.059705,0.107465,5.083616,0.000000,0.000000,5.000000,0.148678,0
1784320390.610409,FIXED400,TRACKING,400,26.426477,49.558643,0.059118,0.115174,5.083005,0.000000,0.000000,5.000000,0.153785,0
1784320390.660522,FIXED400,TRACKING,400,27.156723,42.743527,0.056227,0.130562,5.079206,0.000000,0.000000,5.000000,0.162732,0
1784320390.710432,FIXED400,TRACKING,400,26.990025,49.658462,0.054028,0.135879,5.076618,0.000000,0.000000,5.000000,0.165083,0
1784320390.760535,FIXED400,TRACKING,400,27.717689,43.372183,0.048900,0.144969,5.069320,0.000000,0.000000,5.000000,0.167966,0
1784320390.810443,FIXED400,TRACKING,400,26.356775,48.468720,0.045823,0.147624,5.064179,0.000000,0.000000,5.000000,0.167366,0
1784320390.860409,FIXED400,TRACKING,400,27.084154,42.599577,0.037240,0.145016,5.055871,0.000000,0.000000,5.000000,0.159806,0
1784320390.910439,FIXED400,TRACKING,400,27.080556,49.948731,0.033436,0.143422,5.054027,0.000000,0.000000,5.000000,0.156866,0
1784320390.960429,FIXED400,TRACKING,400,26.958102,42.471459,0.022967,0.140346,5.051805,0.000000,0.000000,5.000000,0.151355,0
1784320391.010447,FIXED400,TRACKING,400,26.571956,49.556334,0.019556,0.139027,5.050519,0.000000,0.000000,5.000000,0.149209,0
1784320391.060420,FIXED400,TRACKING,400,27.334142,42.929524,0.010089,0.133112,5.044729,0.000000,0.000000,5.000000,0.140788,0
1784320391.110417,FIXED400,TRACKING,400,26.465870,49.025342,0.006216,0.129565,5.041141,0.000000,0.000000,5.000000,0.136082,0
1784320391.160433,FIXED400,TRACKING,400,27.656756,43.183605,-0.001319,0.121490,5.033150,0.000000,0.000000,5.000000,0.125939,0
1784320391.210416,FIXED400,TRACKING,400,37.255803,59.481313,-0.005385,0.116928,5.027568,0.000000,0.000000,5.000000,0.120254,0
1784320391.260409,FIXED400,TRACKING,400,37.488745,50.033771,-0.013875,0.105658,5.013700,0.000000,0.000000,5.000000,0.107442,0
1784320391.310403,FIXED400,TRACKING,400,38.964140,51.332072,-0.018457,0.099943,5.008562,0.000000,0.000000,5.000000,0.101993,0
1784320391.360388,FIXED400,TRACKING,400,39.043255,49.929257,-0.029169,0.087260,5.001639,0.000000,0.000000,5.000000,0.092020,0
1784320391.410386,FIXED400,TRACKING,400,38.991102,49.884578,-0.034292,0.080670,4.998793,0.000000,0.000000,5.000000,0.087664,0
1784320391.460385,FIXED400,TRACKING,400,41.023337,51.983293,-0.046591,0.072499,4.995615,0.000000,0.000000,5.000000,0.086290,0
1784320391.510385,FIXED400,TRACKING,400,40.037207,48.972091,-0.051446,0.069298,4.994771,0.000000,0.000000,5.000000,0.086465,0
1784320391.560385,FIXED400,TRACKING,400,39.013468,48.917509,-0.060813,0.061545,4.991994,0.000000,0.000000,5.000000,0.086891,0
1784320391.610385,FIXED400,TRACKING,400,38.038905,48.982358,-0.065706,0.056824,4.989314,0.000000,0.000000,5.000000,0.087524,0
1784320391.663301,FIXED400,TRACKING,400,37.058941,51.885179,-0.074475,0.046216,4.983609,0.000000,0.000000,5.000000,0.089169,0
1784320391.710387,FIXED400,TRACKING,400,42.020094,52.004336,-0.076202,0.041106,4.983042,0.000000,0.000000,5.000000,0.088227,0
1784320391.760386,FIXED400,TRACKING,400,38.043027,45.968633,-0.078959,0.030843,4.982543,0.000000,0.000000,5.000000,0.086548,0
1784320391.811304,FIXED400,TRACKING,400,52.084327,64.918210,-0.080403,0.026115,4.984228,0.000000,0.000000,5.000000,0.085996,1
1784320391.863453,FIXED400,TRACKING,400,36.999452,101.981790,-0.080403,0.026115,4.984228,0.000000,0.000000,5.000000,0.085996,0
1784320391.913300,FIXED400,TRACKING,400,36.973504,49.758182,-0.086007,0.014711,5.004299,0.000000,0.000000,5.000000,0.087362,0
1784320391.960387,FIXED400,TRACKING,400,41.985265,52.057672,-0.085409,0.005548,5.017033,0.000000,0.000000,5.000000,0.087267,0
1784320392.010387,FIXED400,TRACKING,400,38.003288,45.989453,-0.084703,0.000819,5.021219,0.000000,0.000000,5.000000,0.087324,0
1784320392.061303,FIXED400,TRACKING,400,49.044178,61.891209,-0.083113,-0.011399,5.026686,0.000000,0.000000,5.000000,0.088033,0
1784320392.110402,FIXED400,TRACKING,400,37.022674,98.968324,-0.083113,-0.011399,5.026686,0.000000,0.000000,5.000000,0.088033,0
1784320392.163299,FIXED400,TRACKING,400,37.033903,52.839509,-0.080474,-0.028793,5.028185,0.000000,0.000000,5.000000,0.089997,0
1784320392.210388,FIXED400,TRACKING,400,42.047517,52.067452,-0.079233,-0.032886,5.031035,0.000000,0.000000,5.000000,0.091228,0
1784320392.260389,FIXED400,TRACKING,400,39.052152,46.916120,-0.075912,-0.041456,5.038785,0.000000,0.000000,5.000000,0.094792,0
1784320392.310394,FIXED400,TRACKING,400,48.007698,58.900597,-0.073702,-0.044020,5.040635,0.000000,0.000000,5.000000,0.094979,0
1784320392.360389,FIXED400,TRACKING,400,41.076944,43.004648,-0.068160,-0.047308,5.038433,0.000000,0.000000,5.000000,0.091438,0
1784320392.410390,FIXED400,TRACKING,400,37.997562,46.877712,-0.065278,-0.048958,5.036322,0.000000,0.000000,5.000000,0.089316,0
1784320392.460390,FIXED400,TRACKING,400,40.022612,51.966772,-0.057532,-0.056582,5.032423,0.000000,0.000000,5.000000,0.086964,0
1784320392.510390,FIXED400,TRACKING,400,39.045201,48.984199,-0.054083,-0.059972,5.031300,0.000000,0.000000,5.000000,0.086610,0
1784320392.560391,FIXED400,TRACKING,400,42.024890,52.930291,-0.047968,-0.067734,5.030398,0.000000,0.000000,5.000000,0.088391,0
1784320392.610390,FIXED400,TRACKING,400,38.056561,45.970643,-0.045345,-0.072627,5.030528,0.000000,0.000000,5.000000,0.090900,0
1784320392.660391,FIXED400,TRACKING,400,41.012429,52.906971,-0.038723,-0.080964,5.031064,0.000000,0.000000,5.000000,0.094971,0
1784320392.710391,FIXED400,TRACKING,400,40.002513,48.952370,-0.034506,-0.083232,5.034062,0.000000,0.000000,5.000000,0.096325,0
1784320392.760391,FIXED400,TRACKING,400,38.955659,48.900317,-0.025896,-0.086769,5.039541,0.000000,0.000000,5.000000,0.098807,0
1784320392.810391,FIXED400,TRACKING,400,37.992361,49.003358,-0.020466,-0.087986,5.042225,0.000000,0.000000,5.000000,0.099716,0
1784320392.860391,FIXED400,TRACKING,400,40.076373,52.042884,-0.001283,-0.088624,5.050575,0.000000,0.000000,5.000000,0.102048,0
1784320392.910392,FIXED400,TRACKING,400,39.987599,49.873696,0.006809,-0.088425,5.052428,0.000000,0.000000,5.000000,0.103024,0
1784320392.960392,FIXED400,TRACKING,400,38.969579,48.944568,0.025968,-0.083649,5.060383,0.000000,0.000000,5.000000,0.106384,0
1784320393.010392,FIXED400,TRACKING,400,40.969082,51.970771,0.034967,-0.080751,5.063067,0.000000,0.000000,5.000000,0.108264,0
1784320393.060392,FIXED400,TRACKING,400,40.084101,49.063198,0.055182,-0.073898,5.060381,0.000000,0.000000,5.000000,0.110236,0
1784320393.110393,FIXED400,TRACKING,400,40.009717,49.870587,0.064096,-0.070614,5.057841,0.000000,0.000000,5.000000,0.111535,0
1784320393.160393,FIXED400,TRACKING,400,39.030846,48.977454,0.079829,-0.063729,5.053311,0.000000,0.000000,5.000000,0.115222,0
1784320393.210394,FIXED400,TRACKING,400,38.035980,48.974171,0.086630,-0.058642,5.049698,0.000000,0.000000,5.000000,0.115817,0
1784320393.261303,FIXED400,TRACKING,400,40.041164,52.813366,0.100410,-0.047563,5.042568,0.000000,0.000000,5.000000,0.118981,0
1784320393.310394,FIXED400,TRACKING,400,40.059721,49.045779,0.107154,-0.044697,5.040274,0.000000,0.000000,5.000000,0.122889,0
1784320393.360394,FIXED400,TRACKING,400,40.079486,49.979178,0.121497,-0.041917,5.033209,0.000000,0.000000,5.000000,0.132746,0
1784320393.410395,FIXED400,TRACKING,400,40.014310,49.900289,0.127619,-0.040007,5.028508,0.000000,0.000000,5.000000,0.136748,0
1784320393.460395,FIXED400,TRACKING,400,39.049201,48.982351,0.138410,-0.037889,5.023198,0.000000,0.000000,5.000000,0.145365,0
1784320393.510395,FIXED400,TRACKING,400,38.050074,48.964442,0.141900,-0.036835,5.022171,0.000000,0.000000,5.000000,0.148270,0
1784320393.561299,FIXED400,TRACKING,400,40.026248,52.837680,0.146605,-0.033353,5.019073,0.000000,0.000000,5.000000,0.151556,0
1784320393.610396,FIXED400,TRACKING,400,40.000804,49.032185,0.148034,-0.030206,5.016741,0.000000,0.000000,5.000000,0.152009,0
1784320393.660396,FIXED400,TRACKING,400,39.062452,48.999481,0.148580,-0.025448,5.010122,0.000000,0.000000,5.000000,0.151083,0
1784320393.710396,FIXED400,TRACKING,400,39.038210,49.941548,0.147420,-0.024155,5.005044,0.000000,0.000000,5.000000,0.149471,0
1784320393.760396,FIXED400,TRACKING,400,42.048688,52.960365,0.143815,-0.021104,4.996592,0.000000,0.000000,5.000000,0.145395,0
1784320393.810396,FIXED400,TRACKING,400,36.020641,43.933000,0.141746,-0.019044,4.993577,0.000000,0.000000,5.000000,0.143164,0
1784320393.860402,FIXED400,TRACKING,400,51.020234,64.964258,0.137943,-0.012213,4.992060,0.000000,0.000000,5.000000,0.138710,1
1784320393.911470,FIXED400,TRACKING,400,49.001696,114.013629,0.137943,-0.012213,4.992060,0.000000,0.000000,5.000000,0.138710,0
1784320393.960519,FIXED400,TRACKING,400,40.014279,40.027335,0.135485,-0.009231,4.992131,0.000000,0.000000,5.000000,0.136027,0
1784320394.010398,FIXED400,TRACKING,400,40.028642,49.847010,0.123827,-0.001152,4.996552,0.000000,0.000000,5.000000,0.123880,0
1784320394.060398,FIXED400,TRACKING,400,37.021865,46.932151,0.111941,0.002698,4.994693,0.000000,0.000000,5.000000,0.112099,0
1784320394.110398,FIXED400,TRACKING,400,42.049028,54.969882,0.105613,0.003467,4.990938,0.000000,0.000000,5.000000,0.106058,0
1784320394.160398,FIXED400,TRACKING,400,38.988658,46.900062,0.092534,0.005218,4.982944,0.000000,0.000000,5.000000,0.094237,0
1784320394.210398,FIXED400,TRACKING,400,38.077187,49.051671,0.082234,0.007363,4.982934,0.000000,0.000000,5.000000,0.084308,0
1784320394.260401,FIXED400,TRACKING,400,41.063943,52.868824,0.059279,0.012162,4.990142,0.000000,0.000000,5.000000,0.061312,0
1784320394.310400,FIXED400,TRACKING,400,41.066460,49.940163,0.048407,0.015085,4.994698,0.000000,0.000000,5.000000,0.050980,0
1784320394.360399,FIXED400,TRACKING,400,38.017991,46.908552,0.023273,0.022918,5.005764,0.000000,0.000000,5.000000,0.033168,0
1784320394.411302,FIXED400,TRACKING,400,52.106104,64.956655,0.015381,0.025261,5.008578,0.000000,0.000000,5.000000,0.030794,1
1784320394.463458,FIXED400,TRACKING,400,43.052905,108.058826,0.015381,0.025261,5.008578,0.000000,0.000000,5.000000,0.030794,0
1784320394.510400,FIXED400,TRACKING,400,40.022772,43.859689,-0.017906,0.030795,5.022290,0.000000,0.000000,5.000000,0.042022,0
1784320394.560400,FIXED400,TRACKING,400,39.052802,48.987943,-0.037186,0.034691,5.026090,0.000000,0.000000,5.000000,0.057157,0
1784320394.610400,FIXED400,TRACKING,400,39.083781,49.997296,-0.046529,0.037214,5.027514,0.000000,0.000000,5.000000,0.065627,0
1784320394.660401,FIXED400,TRACKING,400,39.030895,49.906157,-0.066634,0.042892,5.032548,0.000000,0.000000,5.000000,0.085669,0
1784320394.710401,FIXED400,TRACKING,400,41.026420,51.956746,-0.074795,0.045965,5.036746,0.000000,0.000000,5.000000,0.095170,0
1784320394.760401,FIXED400,TRACKING,400,40.040140,48.972711,-0.091539,0.052452,5.041778,0.000000,0.000000,5.000000,0.113473,0
1784320394.810407,FIXED400,TRACKING,400,49.068402,58.995337,-0.097128,0.054268,5.042308,0.000000,0.000000,5.000000,0.119033,0
1784320394.860401,FIXED400,TRACKING,400,45.011771,45.871790,-0.114823,0.057876,5.042702,0.000000,0.000000,5.000000,0.135489,0
1784320394.910402,FIXED400,TRACKING,400,38.043585,42.992877,-0.121644,0.058818,5.041501,0.000000,0.000000,5.000000,0.141347,0
1784320394.960402,FIXED400,TRACKING,400,40.003870,51.923151,-0.133289,0.060064,5.037982,0.000000,0.000000,5.000000,0.151051,0
1784320395.010402,FIXED400,TRACKING,400,38.999362,48.964672,-0.138146,0.060192,5.037177,0.000000,0.000000,5.000000,0.155208,0
1784320395.060403,FIXED400,TRACKING,400,41.028316,51.972940,-0.145239,0.060042,5.040474,0.000000,0.000000,5.000000,0.162289,0
1784320395.110403,FIXED400,TRACKING,400,38.101590,47.007041,-0.146775,0.059708,5.042998,0.000000,0.000000,5.000000,0.164185,0
1784320395.161299,FIXED400,TRACKING,400,40.009132,52.761926,-0.148521,0.058089,5.046138,0.000000,0.000000,5.000000,0.166017,0
1784320395.210404,FIXED400,TRACKING,400,40.008475,49.070022,-0.148443,0.057231,5.045686,0.000000,0.000000,5.000000,0.165523,0
1784320395.260404,FIXED400,TRACKING,400,40.029372,49.935241,-0.146584,0.054430,5.043755,0.000000,0.000000,5.000000,0.162371,0
1784320395.311303,FIXED400,TRACKING,400,49.055203,59.859273,-0.145758,0.053554,5.041923,0.000000,0.000000,5.000000,0.160844,0
1784320395.360411,FIXED400,TRACKING,400,43.016984,102.927320,-0.145758,0.053554,5.041923,0.000000,0.000000,5.000000,0.160844,0
1784320395.410405,FIXED400,TRACKING,400,39.023750,45.946130,-0.142399,0.051865,5.034511,0.000000,0.000000,5.000000,0.155430,0
1784320395.460406,FIXED400,TRACKING,400,41.073269,52.004005,-0.137284,0.048992,5.028127,0.000000,0.000000,5.000000,0.148453,0
1784320395.510405,FIXED400,TRACKING,400,38.072530,46.963314,-0.134356,0.047514,5.024625,0.000000,0.000000,5.000000,0.144622,0
1784320395.560406,FIXED400,TRACKING,400,40.999240,52.886401,-0.125558,0.046012,5.018854,0.000000,0.000000,5.000000,0.135046,0
1784320395.610406,FIXED400,TRACKING,400,40.056114,48.997384,-0.119237,0.046349,5.016727,0.000000,0.000000,5.000000,0.129017,0
1784320395.660405,FIXED400,TRACKING,400,39.984113,49.879049,-0.104144,0.046517,5.013840,0.000000,0.000000,5.000000,0.114897,0
1784320395.710406,FIXED400,TRACKING,400,39.018437,48.998561,-0.098126,0.047593,5.016141,0.000000,0.000000,5.000000,0.110247,0
1784320395.760406,FIXED400,TRACKING,400,40.994285,51.933543,-0.082892,0.048977,5.018966,0.000000,0.000000,5.000000,0.098131,0
1784320395.811304,FIXED400,TRACKING,400,48.995004,58.863130,-0.077488,0.048689,5.019327,0.000000,0.000000,5.000000,0.093534,0
1784320395.860358,FIXED400,TRACKING,400,43.026194,101.947945,-0.077488,0.048689,5.019327,0.000000,0.000000,5.000000,0.093534,0
1784320395.910408,FIXED400,TRACKING,400,39.016994,45.967870,-0.053426,0.042866,5.019361,0.000000,0.000000,5.000000,0.071181,0
1784320395.960407,FIXED400,TRACKING,400,41.058940,51.995838,-0.039454,0.037449,5.020798,0.000000,0.000000,5.000000,0.058237,0
1784320396.010408,FIXED400,TRACKING,400,38.042518,46.947753,-0.032629,0.034539,5.022269,0.000000,0.000000,5.000000,0.052474,0
1784320396.060410,FIXED400,TRACKING,400,41.026816,52.925950,-0.018271,0.028286,5.026251,0.000000,0.000000,5.000000,0.042697,0
1784320396.110410,FIXED400,TRACKING,400,41.008283,49.911810,-0.012311,0.025709,5.027397,0.000000,0.000000,5.000000,0.039536,0
1784320396.160408,FIXED400,TRACKING,400,37.031620,45.977935,-0.000541,0.020795,5.026569,0.000000,0.000000,5.000000,0.033744,0
1784320396.210409,FIXED400,TRACKING,400,42.026446,54.959117,0.006354,0.020122,5.027892,0.000000,0.000000,5.000000,0.034975,0
1784320396.260410,FIXED400,TRACKING,400,39.026077,46.908187,0.020816,0.018146,5.031831,0.000000,0.000000,5.000000,0.042140,0
1784320396.310410,FIXED400,TRACKING,400,39.024153,49.939711,0.025701,0.016369,5.033424,0.000000,0.000000,5.000000,0.045229,0
1784320396.360409,FIXED400,TRACKING,400,41.018826,51.945528,0.033083,0.011519,5.036021,0.000000,0.000000,5.000000,0.050246,0
1784320396.410409,FIXED400,TRACKING,400,40.018638,48.965557,0.036793,0.009027,5.037004,0.000000,0.000000,5.000000,0.052957,0
1784320396.460410,FIXED400,TRACKING,400,38.998544,48.938421,0.044675,-0.001215,5.034698,0.000000,0.000000,5.000000,0.056580,0
1784320396.510410,FIXED400,TRACKING,400,38.011285,48.970910,0.047831,-0.005921,5.032633,0.000000,0.000000,5.000000,0.058204,0
1784320396.560410,FIXED400,TRACKING,400,40.036148,51.985351,0.052468,-0.014977,5.027112,0.000000,0.000000,5.000000,0.060929,0
1784320396.610411,FIXED400,TRACKING,400,40.001260,49.930040,0.053717,-0.019448,5.023350,0.000000,0.000000,5.000000,0.061716,0
1784320396.660412,FIXED400,TRACKING,400,39.014100,48.944544,0.056004,-0.027405,5.014362,0.000000,0.000000,5.000000,0.063983,0
1784320396.710412,FIXED400,TRACKING,400,41.006438,51.949019,0.057138,-0.027882,5.012747,0.000000,0.000000,5.000000,0.064843,0
1784320396.760412,FIXED400,TRACKING,400,40.008572,48.952028,0.058467,-0.028745,5.013108,0.000000,0.000000,5.000000,0.066456,0
1784320396.810411,FIXED400,TRACKING,400,39.037518,48.990565,0.058316,-0.028752,5.013301,0.000000,0.000000,5.000000,0.066366,0
1784320396.860412,FIXED400,TRACKING,400,39.044653,49.959524,0.054437,-0.025902,5.009748,0.000000,0.000000,5.000000,0.061068,0
1784320396.910412,FIXED400,TRACKING,400,39.049578,49.968813,0.052593,-0.024587,5.007795,0.000000,0.000000,5.000000,0.058577,0
1784320396.960413,FIXED400,TRACKING,400,42.059248,52.968944,0.048529,-0.017046,5.005505,0.000000,0.000000,5.000000,0.051729,0
1784320397.010412,FIXED400,TRACKING,400,38.995380,46.906358,0.047044,-0.014466,5.005022,0.000000,0.000000,5.000000,0.049474,0
1784320397.060413,FIXED400,TRACKING,400,37.982397,48.927228,0.042529,-0.006336,5.004418,0.000000,0.000000,5.000000,0.043224,0
1784320397.110414,FIXED400,TRACKING,400,40.061547,52.028335,0.040523,-0.002556,5.005253,0.000000,0.000000,5.000000,0.040942,0
1784320397.160414,FIXED400,TRACKING,400,40.085328,49.974351,0.035580,0.005082,5.010561,0.000000,0.000000,5.000000,0.037460,0
1784320397.210413,FIXED400,TRACKING,400,40.018470,49.899126,0.032162,0.007844,5.014139,0.000000,0.000000,5.000000,0.035998,0
1784320397.260414,FIXED400,TRACKING,400,39.937183,49.834328,0.025704,0.013016,5.017152,0.000000,0.000000,5.000000,0.033530,0
1784320397.310415,FIXED400,TRACKING,400,39.063097,49.071035,0.022103,0.015826,5.016929,0.000000,0.000000,5.000000,0.032025,0
1784320397.360414,FIXED400,TRACKING,400,39.052930,49.948786,0.014306,0.021660,5.015456,0.000000,0.000000,5.000000,0.030211,0
1784320397.410414,FIXED400,TRACKING,400,42.000489,52.908636,0.010675,0.024038,5.014685,0.000000,0.000000,5.000000,0.030123,0
1784320397.460414,FIXED400,TRACKING,400,38.059262,46.015979,0.002375,0.026569,5.017698,0.000000,0.000000,5.000000,0.032012,0
1784320397.511304,FIXED400,TRACKING,400,52.037214,64.826557,-0.001427,0.027185,5.019059,0.000000,0.000000,5.000000,0.033231,1
1784320397.563392,FIXED400,TRACKING,400,39.984871,104.861299,-0.001427,0.027185,5.019059,0.000000,0.000000,5.000000,0.033231,0
1784320397.612298,FIXED400,TRACKING,400,40.025898,48.900236,-0.012936,0.031659,5.026532,0.000000,0.000000,5.000000,0.043285,0
1784320397.660416,FIXED400,TRACKING,400,38.013158,46.057910,-0.019554,0.035491,5.030878,0.000000,0.000000,5.000000,0.050946,0
1784320397.710416,FIXED400,TRACKING,400,39.966485,51.912198,-0.021482,0.036082,5.033706,0.000000,0.000000,5.000000,0.053847,0
1784320397.760416,FIXED400,TRACKING,400,39.046785,49.033704,-0.024733,0.036555,5.038164,0.000000,0.000000,5.000000,0.058348,0
1784320397.812299,FIXED400,TRACKING,400,40.062805,52.866776,-0.026146,0.036062,5.038496,0.000000,0.000000,5.000000,0.058872,0
1784320397.860417,FIXED400,TRACKING,400,38.026635,46.040039,-0.028872,0.032196,5.029805,0.000000,0.000000,5.000000,0.052522,0
1784320397.911303,FIXED400,TRACKING,400,49.044835,61.874202,-0.029686,0.030374,5.023765,0.000000,0.000000,5.000000,0.048669,0
1784320397.960401,FIXED400,TRACKING,400,43.074859,105.002121,-0.029686,0.030374,5.023765,0.000000,0.000000,5.000000,0.048669,0
1784320398.010418,FIXED400,TRACKING,400,40.043518,46.930540,-0.032753,0.023013,4.997205,0.000000,0.000000,5.000000,0.040127,0
1784320398.060418,FIXED400,TRACKING,400,40.072367,49.962947,-0.034201,0.018255,4.985526,0.000000,0.000000,5.000000,0.041382,0
1784320398.110418,FIXED400,TRACKING,400,39.986729,49.854097,-0.034796,0.016680,4.982299,0.000000,0.000000,5.000000,0.042454,0
1784320398.160418,FIXED400,TRACKING,400,39.064793,49.040222,-0.035599,0.013503,4.977078,0.000000,0.000000,5.000000,0.044441,0
1784320398.210418,FIXED400,TRACKING,400,38.984113,49.889481,-0.035291,0.013688,4.974872,0.000000,0.000000,5.000000,0.045434,0
1784320398.260420,FIXED400,TRACKING,400,39.053865,49.980519,-0.034102,0.013770,4.969830,0.000000,0.000000,5.000000,0.047569,0
1784320398.310420,FIXED400,TRACKING,400,42.032223,52.919811,-0.032795,0.013393,4.967553,0.000000,0.000000,5.000000,0.048038,0
1784320398.360419,FIXED400,TRACKING,400,39.009144,46.935828,-0.028571,0.012027,4.965074,0.000000,0.000000,5.000000,0.046699,0
1784320398.410424,FIXED400,TRACKING,400,48.027322,58.987879,-0.026151,0.011254,4.964667,0.000000,0.000000,5.000000,0.045376,0
1784320398.460420,FIXED400,TRACKING,400,44.048781,45.964070,-0.023954,0.012190,4.964639,0.000000,0.000000,5.000000,0.044416,0
1784320398.510420,FIXED400,TRACKING,400,41.052484,46.972210,-0.023241,0.012764,4.965172,0.000000,0.000000,5.000000,0.043773,0
1784320398.560421,FIXED400,TRACKING,400,38.067205,46.968631,-0.022140,0.012095,4.970905,0.000000,0.000000,5.000000,0.038509,0
1784320398.610421,FIXED400,TRACKING,400,41.006098,52.888612,-0.021839,0.010691,4.976577,0.000000,0.000000,5.000000,0.033762,0
1784320398.660420,FIXED400,TRACKING,400,40.029856,48.981475,-0.020807,0.007866,4.987326,0.000000,0.000000,5.000000,0.025602,0
1784320398.710421,FIXED400,TRACKING,400,39.037152,48.976873,-0.019705,0.007372,4.990514,0.000000,0.000000,5.000000,0.023078,0
1784320398.760421,FIXED400,TRACKING,400,38.999065,49.921453,-0.017346,0.006558,4.994123,0.000000,0.000000,5.000000,0.019454,0
1784320398.810422,FIXED400,TRACKING,400,41.013978,51.981805,-0.016276,0.006584,4.996502,0.000000,0.000000,5.000000,0.017902,0
1784320398.860422,FIXED400,TRACKING,400,40.054718,48.998645,-0.015253,0.008367,5.005538,0.000000,0.000000,5.000000,0.018258,0
1784320398.910423,FIXED400,TRACKING,400,37.037277,46.941773,-0.014439,0.008945,5.009277,0.000000,0.000000,5.000000,0.019353,0
1784320398.963299,FIXED400,TRACKING,400,37.015818,52.817935,-0.009979,0.006469,5.015670,0.000000,0.000000,5.000000,0.019672,0
1784320399.010423,FIXED400,TRACKING,400,41.995736,52.069115,-0.007599,0.005128,5.017814,0.000000,0.000000,5.000000,0.020034,0
1784320399.060423,FIXED400,TRACKING,400,38.035938,45.977922,-0.002217,0.001513,5.024289,0.000000,0.000000,5.000000,0.024437,0
1784320399.110423,FIXED400,TRACKING,400,41.047196,52.943911,0.000131,-0.000450,5.028364,0.000000,0.000000,5.000000,0.028368,0
1784320399.160424,FIXED400,TRACKING,400,38.070144,46.981723,0.004879,-0.004132,5.036061,0.000000,0.000000,5.000000,0.036623,0
1784320399.210424,FIXED400,TRACKING,400,41.002208,52.900835,0.008530,-0.004601,5.037003,0.000000,0.000000,5.000000,0.038251,0
1784320399.260424,FIXED400,TRACKING,400,38.021100,46.928864,0.014442,-0.005627,5.037190,0.000000,0.000000,5.000000,0.040291,0
1784320399.310425,FIXED400,TRACKING,400,41.077629,53.001164,0.017660,-0.006336,5.036170,0.000000,0.000000,5.000000,0.040746,0
1784320399.360425,FIXED400,TRACKING,400,41.060785,49.940971,0.024575,-0.007837,5.032342,0.000000,0.000000,5.000000,0.041369,0
1784320399.410426,FIXED400,TRACKING,400,35.007686,43.902254,0.027762,-0.008550,5.029524,0.000000,0.000000,5.000000,0.041419,0
1784320399.461305,FIXED400,TRACKING,400,52.044650,67.872300,0.038675,-0.005039,5.023203,0.000000,0.000000,5.000000,0.045382,1
1784320399.513401,FIXED400,TRACKING,400,46.042954,113.965371,0.038675,-0.005039,5.023203,0.000000,0.000000,5.000000,0.045382,0
1784320399.560426,FIXED400,TRACKING,400,39.008345,39.929064,0.051505,0.000338,5.014362,0.000000,0.000000,5.000000,0.053471,0
1784320399.610426,FIXED400,TRACKING,400,40.984230,51.937180,0.054903,0.002199,5.011875,0.000000,0.000000,5.000000,0.056216,0
1784320399.660426,FIXED400,TRACKING,400,40.032957,48.997434,0.062268,0.005755,5.009789,0.000000,0.000000,5.000000,0.063295,0
1784320399.710427,FIXED400,TRACKING,400,39.984340,49.918406,0.067550,0.008117,5.010158,0.000000,0.000000,5.000000,0.068790,0
1784320399.760426,FIXED400,TRACKING,400,39.009920,48.976417,0.076244,0.012040,5.009740,0.000000,0.000000,5.000000,0.077801,0
1784320399.810426,FIXED400,TRACKING,400,38.026984,48.982920,0.080274,0.014716,5.011745,0.000000,0.000000,5.000000,0.082453,0
1784320399.860428,FIXED400,TRACKING,400,41.026068,52.954451,0.084697,0.019918,5.018465,0.000000,0.000000,5.000000,0.088945,0
1784320399.910427,FIXED400,TRACKING,400,38.024247,46.961787,0.086265,0.022236,5.020366,0.000000,0.000000,5.000000,0.091384,0
1784320399.961299,FIXED400,TRACKING,400,40.030278,52.842717,0.086338,0.023281,5.023788,0.000000,0.000000,5.000000,0.092531,0
1784320400.010428,FIXED400,TRACKING,400,40.031372,49.094083,0.085821,0.023441,5.025584,0.000000,0.000000,5.000000,0.092570,0
1784320400.060428,FIXED400,TRACKING,400,40.073239,49.969006,0.085883,0.023838,5.028902,0.000000,0.000000,5.000000,0.093699,0
1784320400.110429,FIXED400,TRACKING,400,39.996134,49.872759,0.086478,0.024070,5.030139,0.000000,0.000000,5.000000,0.094690,0
1784320400.160433,FIXED400,TRACKING,400,52.096586,62.066589,0.086441,0.023975,5.031437,0.000000,0.000000,5.000000,0.095054,1
1784320400.212577,FIXED400,TRACKING,400,40.065452,102.178583,0.086441,0.023975,5.031437,0.000000,0.000000,5.000000,0.095054,0
1784320400.260430,FIXED400,TRACKING,400,39.048367,46.735332,0.078682,0.020476,5.034845,0.000000,0.000000,5.000000,0.088455,0
1784320400.310430,FIXED400,TRACKING,400,41.960247,52.861091,0.074783,0.019102,5.032894,0.000000,0.000000,5.000000,0.083901,0
1784320400.360429,FIXED400,TRACKING,400,38.070308,46.070755,0.064917,0.016229,5.028006,0.000000,0.000000,5.000000,0.072539,0
1784320400.410430,FIXED400,TRACKING,400,41.030135,52.926177,0.059848,0.014958,5.025974,0.000000,0.000000,5.000000,0.066934,0
1784320400.460430,FIXED400,TRACKING,400,38.001961,46.925274,0.045970,0.015153,5.020440,0.000000,0.000000,5.000000,0.052542,0
1784320400.510430,FIXED400,TRACKING,400,40.020117,51.979863,0.039272,0.015594,5.018994,0.000000,0.000000,5.000000,0.046328,0
1784320400.560431,FIXED400,TRACKING,400,40.030894,49.965044,0.025457,0.017593,5.015316,0.000000,0.000000,5.000000,0.034527,0
1784320400.610431,FIXED400,TRACKING,400,40.065165,50.001737,0.018413,0.019497,5.012751,0.000000,0.000000,5.000000,0.029694,0
1784320400.660431,FIXED400,TRACKING,400,40.037516,49.925860,0.002712,0.023193,5.007120,0.000000,0.000000,5.000000,0.024413,0
1784320400.710431,FIXED400,TRACKING,400,40.014805,49.936768,-0.004168,0.025264,5.006253,0.000000,0.000000,5.000000,0.026358,0
1784320400.760432,FIXED400,TRACKING,400,40.054686,49.984664,-0.016737,0.029037,5.007545,0.000000,0.000000,5.000000,0.034355,0
1784320400.810432,FIXED400,TRACKING,400,40.021735,49.936084,-0.022108,0.030744,5.008959,0.000000,0.000000,5.000000,0.038913,0
1784320400.860432,FIXED400,TRACKING,400,37.001105,46.940617,-0.031367,0.033858,5.010914,0.000000,0.000000,5.000000,0.047428,0
1784320400.910433,FIXED400,TRACKING,400,42.057249,55.021610,-0.035370,0.034897,5.012005,0.000000,0.000000,5.000000,0.051117,0
1784320400.960432,FIXED400,TRACKING,400,39.037005,46.942955,-0.042583,0.037546,5.016711,0.000000,0.000000,5.000000,0.059180,0
1784320401.010432,FIXED400,TRACKING,400,39.003078,49.937162,-0.046883,0.038676,5.019187,0.000000,0.000000,5.000000,0.063734,0
1784320401.060433,FIXED400,TRACKING,400,39.040148,49.989612,-0.051949,0.041291,5.023519,0.000000,0.000000,5.000000,0.070404,0
1784320401.110434,FIXED400,TRACKING,400,41.994557,52.889343,-0.053653,0.042962,5.026542,0.000000,0.000000,5.000000,0.073681,0
1784320401.160434,FIXED400,TRACKING,400,38.031041,45.997657,-0.056793,0.045263,5.030941,0.000000,0.000000,5.000000,0.078940,0
1784320401.210434,FIXED400,TRACKING,400,41.068577,53.005818,-0.060198,0.046593,5.032526,0.000000,0.000000,5.000000,0.082780,0
1784320401.260434,FIXED400,TRACKING,400,38.026090,46.875882,-0.066635,0.048438,5.033248,0.000000,0.000000,5.000000,0.088836,0
1784320401.310435,FIXED400,TRACKING,400,41.038719,52.958381,-0.068300,0.047563,5.031301,0.000000,0.000000,5.000000,0.088920,0
1784320401.360435,FIXED400,TRACKING,400,37.984845,46.902604,-0.069382,0.042979,5.024287,0.000000,0.000000,5.000000,0.085152,0
1784320401.410435,FIXED400,TRACKING,400,40.020424,52.002156,-0.069476,0.040523,5.021242,0.000000,0.000000,5.000000,0.083188,0
1784320401.460435,FIXED400,TRACKING,400,40.031585,49.954764,-0.065632,0.034502,5.013455,0.000000,0.000000,5.000000,0.075359,0
1784320401.510435,FIXED400,TRACKING,400,40.032699,49.963041,-0.063356,0.031772,5.010175,0.000000,0.000000,5.000000,0.071603,0
1784320401.560437,FIXED400,TRACKING,400,40.071775,49.998896,-0.058935,0.027238,5.007251,0.000000,0.000000,5.000000,0.065329,0
1784320401.610437,FIXED400,TRACKING,400,40.007036,49.878557,-0.056722,0.025696,5.007760,0.000000,0.000000,5.000000,0.062752,0
1784320401.660436,FIXED400,TRACKING,400,40.001843,49.945039,-0.050355,0.021866,5.008781,0.000000,0.000000,5.000000,0.055596,0
1784320401.710436,FIXED400,TRACKING,400,38.968188,48.929390,-0.045138,0.019441,5.013378,0.000000,0.000000,5.000000,0.050934,0
1784320401.760442,FIXED400,TRACKING,400,51.038561,62.033953,-0.035037,0.014262,5.021995,0.000000,0.000000,5.000000,0.043758,1
1784320401.811537,FIXED400,TRACKING,400,46.074626,108.164397,-0.035037,0.014262,5.021995,0.000000,0.000000,5.000000,0.043758,0
1784320401.860437,FIXED400,TRACKING,400,38.013911,40.782138,-0.019837,0.000612,5.034068,0.000000,0.000000,5.000000,0.039427,0
1784320401.910437,FIXED400,TRACKING,400,41.013560,52.961589,-0.015398,-0.003921,5.035838,0.000000,0.000000,5.000000,0.039203,0
1784320401.960438,FIXED400,TRACKING,400,38.003768,46.949932,-0.009367,-0.016456,5.029904,0.000000,0.000000,5.000000,0.035395,0
1784320402.011303,FIXED400,TRACKING,400,49.012600,61.840059,-0.006448,-0.022508,5.027581,0.000000,0.000000,5.000000,0.036179,0
1784320402.060396,FIXED400,TRACKING,400,40.020053,40.029260,-0.002677,-0.029587,5.026977,0.000000,0.000000,5.000000,0.040129,0
1784320402.110439,FIXED400,TRACKING,400,39.047566,49.007840,0.006268,-0.038793,5.023887,0.000000,0.000000,5.000000,0.045986,0
1784320402.160439,FIXED400,TRACKING,400,38.975589,49.882628,0.014591,-0.046839,5.018638,0.000000,0.000000,5.000000,0.052480,0
1784320402.210439,FIXED400,TRACKING,400,40.993801,51.980252,0.019985,-0.050771,5.016169,0.000000,0.000000,5.000000,0.056908,0
1784320402.260439,FIXED400,TRACKING,400,38.079113,46.991618,0.030936,-0.059042,5.011273,0.000000,0.000000,5.000000,0.067602,0
1784320402.310440,FIXED400,TRACKING,400,41.066555,52.924356,0.035294,-0.062387,5.006456,0.000000,0.000000,5.000000,0.071968,0
1784320402.360440,FIXED400,TRACKING,400,38.072900,46.956590,0.043197,-0.068469,4.995676,0.000000,0.000000,5.000000,0.081072,0
1784320402.411298,FIXED400,TRACKING,400,40.042164,52.794946,0.046859,-0.071203,4.992060,0.000000,0.000000,5.000000,0.085608,0
1784320402.460440,FIXED400,TRACKING,400,40.072264,49.123897,0.048537,-0.078357,4.982346,0.000000,0.000000,5.000000,0.093847,0
1784320402.510445,FIXED400,TRACKING,400,49.097632,58.992059,0.048503,-0.081084,4.978277,0.000000,0.000000,5.000000,0.096948,0
1784320402.560440,FIXED400,TRACKING,400,45.018217,45.856422,0.048287,-0.084683,4.971866,0.000000,0.000000,5.000000,0.101461,0
1784320402.610441,FIXED400,TRACKING,400,39.028860,43.972431,0.047954,-0.085545,4.968911,0.000000,0.000000,5.000000,0.102879,0
1784320402.660441,FIXED400,TRACKING,400,39.046049,49.973475,0.046874,-0.085991,4.964181,0.000000,0.000000,5.000000,0.104282,0
1784320402.710442,FIXED400,TRACKING,400,39.031763,49.953765,0.046882,-0.083887,4.964066,0.000000,0.000000,5.000000,0.102598,0
1784320402.760442,FIXED400,TRACKING,400,42.029196,52.952999,0.046739,-0.079426,4.963404,0.000000,0.000000,5.000000,0.099158,0
1784320402.810442,FIXED400,TRACKING,400,39.038090,46.975231,0.046802,-0.077108,4.963263,0.000000,0.000000,5.000000,0.097394,0
1784320402.860443,FIXED400,TRACKING,400,39.041399,49.955463,0.048382,-0.071853,4.962368,0.000000,0.000000,5.000000,0.094445,0
1784320402.910442,FIXED400,TRACKING,400,38.989375,49.916354,0.048744,-0.069275,4.961415,0.000000,0.000000,5.000000,0.093079,0
1784320402.960442,FIXED400,TRACKING,400,41.003953,51.974207,0.049037,-0.061821,4.963035,0.000000,0.000000,5.000000,0.087137,0
1784320403.010443,FIXED400,TRACKING,400,38.008900,46.968829,0.048727,-0.057928,4.964574,0.000000,0.000000,5.000000,0.083576,0
1784320403.060445,FIXED400,TRACKING,400,41.020990,52.976938,0.047937,-0.047341,4.972587,0.000000,0.000000,5.000000,0.072736,0
1784320403.110445,FIXED400,TRACKING,400,38.035354,46.950712,0.047648,-0.041863,4.977196,0.000000,0.000000,5.000000,0.067401,0
1784320403.161299,FIXED400,TRACKING,400,40.038134,52.810219,0.046388,-0.031289,4.985454,0.000000,0.000000,5.000000,0.057814,0
1784320403.210445,FIXED400,TRACKING,400,40.014237,49.086679,0.044734,-0.026845,4.988427,0.000000,0.000000,5.000000,0.053439,0
1784320403.260448,FIXED400,TRACKING,400,52.121897,62.024018,0.040759,-0.016811,4.993980,0.000000,0.000000,5.000000,0.044498,1
1784320403.312661,FIXED400,TRACKING,400,40.021498,102.135824,0.040759,-0.016811,4.993980,0.000000,0.000000,5.000000,0.044498,0
1784320403.360446,FIXED400,TRACKING,400,39.014897,46.721245,0.038846,-0.003059,4.995694,0.000000,0.000000,5.000000,0.039204,0
1784320403.410445,FIXED400,TRACKING,400,42.024067,52.972416,0.037809,0.002531,4.998717,0.000000,0.000000,5.000000,0.037916,0
1784320403.460445,FIXED400,TRACKING,400,39.006038,46.938269,0.034629,0.010149,5.006629,0.000000,0.000000,5.000000,0.036689,0
1784320403.510445,FIXED400,TRACKING,400,39.041366,50.003238,0.032864,0.013925,5.009500,0.000000,0.000000,5.000000,0.036935,0
1784320403.560446,FIXED400,TRACKING,400,39.014356,49.932065,0.030331,0.023173,5.013573,0.000000,0.000000,5.000000,0.040512,0
1784320403.610446,FIXED400,TRACKING,400,39.029790,49.985313,0.029819,0.029003,5.014935,0.000000,0.000000,5.000000,0.044197,0
1784320403.662300,FIXED400,TRACKING,400,40.076443,52.833723,0.026985,0.041280,5.018690,0.000000,0.000000,5.000000,0.052740,0
1784320403.710446,FIXED400,TRACKING,400,38.087381,46.116233,0.024819,0.045878,5.020704,0.000000,0.000000,5.000000,0.056120,0
1784320403.760447,FIXED400,TRACKING,400,41.087163,52.953045,0.020108,0.054224,5.021059,0.000000,0.000000,5.000000,0.061547,0
1784320403.810447,FIXED400,TRACKING,400,38.030524,46.902433,0.016942,0.058069,5.019521,0.000000,0.000000,5.000000,0.063562,0
1784320403.860455,FIXED400,TRACKING,400,51.077496,63.017966,0.011699,0.061724,5.017501,0.000000,0.000000,5.000000,0.065215,1
1784320403.911581,FIXED400,TRACKING,400,43.025324,106.091078,0.011699,0.061724,5.017501,0.000000,0.000000,5.000000,0.065215,0
1784320403.960448,FIXED400,TRACKING,400,41.047217,46.840629,0.001294,0.067665,5.011347,0.000000,0.000000,5.000000,0.068622,0
1784320404.010448,FIXED400,TRACKING,400,41.057464,49.951872,-0.002503,0.069389,5.006841,0.000000,0.000000,5.000000,0.069770,0
1784320404.060449,FIXED400,TRACKING,400,38.039015,46.909747,-0.009721,0.070952,4.997109,0.000000,0.000000,5.000000,0.071673,0
1784320404.110449,FIXED400,TRACKING,400,41.034875,52.934110,-0.012327,0.070806,4.992095,0.000000,0.000000,5.000000,0.072305,0
1784320404.160449,FIXED400,TRACKING,400,38.039094,46.958350,-0.017987,0.070691,4.982024,0.000000,0.000000,5.000000,0.075126,0
1784320404.210449,FIXED400,TRACKING,400,41.067889,52.998403,-0.019457,0.072945,4.980072,0.000000,0.000000,5.000000,0.078082,0
1784320404.260450,FIXED400,TRACKING,400,38.012130,46.853729,-0.023421,0.078026,4.976238,0.000000,0.000000,5.000000,0.084860,0
1784320404.310450,FIXED400,TRACKING,400,41.057559,52.976392,-0.024438,0.080217,4.974789,0.000000,0.000000,5.000000,0.087564,0
1784320404.360450,FIXED400,TRACKING,400,38.037773,46.940082,-0.025302,0.084775,4.969828,0.000000,0.000000,5.000000,0.093474,0
1784320404.410450,FIXED400,TRACKING,400,41.044052,52.973523,-0.025795,0.087023,4.968729,0.000000,0.000000,5.000000,0.096001,0
1784320404.460451,FIXED400,TRACKING,400,50.197604,59.107105,-0.028447,0.091325,4.973287,0.000000,0.000000,5.000000,0.099313,1
1784320404.510684,FIXED400,TRACKING,400,49.085645,108.229078,-0.028447,0.091325,4.973287,0.000000,0.000000,5.000000,0.099313,0
1784320404.560452,FIXED400,TRACKING,400,40.060354,40.676435,-0.033508,0.094238,4.981676,0.000000,0.000000,5.000000,0.101682,0
1784320404.610452,FIXED400,TRACKING,400,39.985840,49.887946,-0.036234,0.093812,4.985679,0.000000,0.000000,5.000000,0.101581,0
1784320404.660452,FIXED400,TRACKING,400,40.066425,50.027860,-0.041223,0.092444,4.993547,0.000000,0.000000,5.000000,0.101424,0
1784320404.710452,FIXED400,TRACKING,400,40.036578,49.931015,-0.043395,0.092101,4.999863,0.000000,0.000000,5.000000,0.101812,0
1784320404.760452,FIXED400,TRACKING,400,40.067756,49.980084,-0.046599,0.090482,5.010824,0.000000,0.000000,5.000000,0.102350,0
1784320404.810452,FIXED400,TRACKING,400,40.027322,49.918171,-0.047660,0.088943,5.015182,0.000000,0.000000,5.000000,0.102043,0
1784320404.860458,FIXED400,TRACKING,400,52.069885,62.002516,-0.048948,0.083054,5.026752,0.000000,0.000000,5.000000,0.100048,1
1784320404.912594,FIXED400,TRACKING,400,43.039659,105.107722,-0.048948,0.083054,5.026752,0.000000,0.000000,5.000000,0.100048,0
1784320404.960453,FIXED400,TRACKING,400,39.019089,43.788721,-0.044835,0.068412,5.044107,0.000000,0.000000,5.000000,0.092929,0
1784320405.010453,FIXED400,TRACKING,400,42.034462,52.986387,-0.042366,0.062203,5.049567,0.000000,0.000000,5.000000,0.090117,0
1784320405.060454,FIXED400,TRACKING,400,39.024007,46.933105,-0.037130,0.044660,5.059614,0.000000,0.000000,5.000000,0.083229,0
1784320405.110454,FIXED400,TRACKING,400,39.039256,49.956696,-0.034998,0.035228,5.065475,0.000000,0.000000,5.000000,0.082176,0
1784320405.160454,FIXED400,TRACKING,400,39.015222,49.936514,-0.030711,0.017319,5.074711,0.000000,0.000000,5.000000,0.082613,0
1784320405.210455,FIXED400,TRACKING,400,39.012310,49.962362,-0.027957,0.007378,5.075681,0.000000,0.000000,5.000000,0.081017,0
1784320405.260455,FIXED400,TRACKING,400,42.054127,52.949584,-0.022087,-0.013126,5.075941,0.000000,0.000000,5.000000,0.080169,0
1784320405.310456,FIXED400,TRACKING,400,39.009998,46.896856,-0.019525,-0.021629,5.076826,0.000000,0.000000,5.000000,0.082166,0
1784320405.360461,FIXED400,TRACKING,400,51.122894,62.075441,-0.014540,-0.037677,5.074192,0.000000,0.000000,5.000000,0.084471,1
1784320405.411628,FIXED400,TRACKING,400,40.029492,102.148707,-0.014540,-0.037677,5.074192,0.000000,0.000000,5.000000,0.084471,0
1784320405.460456,FIXED400,TRACKING,400,41.055291,49.801795,-0.006939,-0.063153,5.064795,0.000000,0.000000,5.000000,0.090746,0
1784320405.510456,FIXED400,TRACKING,400,37.988894,46.883399,-0.004835,-0.070566,5.060855,0.000000,0.000000,5.000000,0.093308,0
1784320405.560457,FIXED400,TRACKING,400,41.073961,53.045029,-0.001064,-0.082885,5.053661,0.000000,0.000000,5.000000,0.098745,0
1784320405.610456,FIXED400,TRACKING,400,38.054379,46.944725,0.001193,-0.088716,5.050988,0.000000,0.000000,5.000000,0.102331,0
1784320405.661299,FIXED400,TRACKING,400,40.018123,52.742303,0.005659,-0.095762,5.045946,0.000000,0.000000,5.000000,0.106365,0
1784320405.710457,FIXED400,TRACKING,400,40.015810,49.114909,0.009363,-0.096626,5.042243,0.000000,0.000000,5.000000,0.105871,0
1784320405.760457,FIXED400,TRACKING,400,40.055680,49.992042,0.016363,-0.098442,5.033134,0.000000,0.000000,5.000000,0.105149,0
1784320405.810458,FIXED400,TRACKING,400,40.035914,49.940970,0.019730,-0.099228,5.027389,0.000000,0.000000,5.000000,0.104812,0
1784320405.860463,FIXED400,TRACKING,400,49.083588,59.005116,0.027791,-0.100459,5.013086,0.000000,0.000000,5.000000,0.105051,0
1784320405.910458,FIXED400,TRACKING,400,45.027974,45.883591,0.030926,-0.100371,5.007606,0.000000,0.000000,5.000000,0.105303,0
1784320405.960458,FIXED400,TRACKING,400,39.012284,43.942811,0.036451,-0.100234,4.997427,0.000000,0.000000,5.000000,0.106687,0
1784320406.010458,FIXED400,TRACKING,400,39.055358,50.010305,0.038924,-0.099489,4.992973,0.000000,0.000000,5.000000,0.107063,0
1784320406.060461,FIXED400,TRACKING,400,39.063418,49.948728,0.043332,-0.096912,4.984904,0.000000,0.000000,5.000000,0.107226,0
1784320406.110460,FIXED400,TRACKING,400,39.054638,49.908559,0.044727,-0.095469,4.982688,0.000000,0.000000,5.000000,0.106839,0
1784320406.162299,FIXED400,TRACKING,400,40.045556,52.780917,0.046972,-0.091385,4.981706,0.000000,0.000000,5.000000,0.104366,0
1784320406.210459,FIXED400,TRACKING,400,38.010576,46.092260,0.048707,-0.089542,4.983406,0.000000,0.000000,5.000000,0.103273,0
1784320406.260461,FIXED400,TRACKING,400,41.053141,52.966330,0.052180,-0.084285,4.987456,0.000000,0.000000,5.000000,0.099920,0
1784320406.310460,FIXED400,TRACKING,400,38.036274,46.918434,0.052746,-0.080583,4.990929,0.000000,0.000000,5.000000,0.096737,0
1784320406.361304,FIXED400,TRACKING,400,52.056015,64.818946,0.052211,-0.071337,4.999322,0.000000,0.000000,5.000000,0.088405,1
1784320406.413408,FIXED400,TRACKING,400,40.025089,104.892233,0.052211,-0.071337,4.999322,0.000000,0.000000,5.000000,0.088405,0
1784320406.460461,FIXED400,TRACKING,400,37.050329,44.023851,0.050513,-0.057579,5.008958,0.000000,0.000000,5.000000,0.077118,0
1784320406.513299,FIXED400,TRACKING,400,37.003974,52.758442,0.049732,-0.053379,5.010404,0.000000,0.000000,5.000000,0.073694,0
1784320406.560462,FIXED400,TRACKING,400,42.017194,52.133883,0.048371,-0.045923,5.008694,0.000000,0.000000,5.000000,0.067262,0
1784320406.610462,FIXED400,TRACKING,400,39.072735,47.021050,0.047930,-0.042095,5.005447,0.000000,0.000000,5.000000,0.064023,0
1784320406.660462,FIXED400,TRACKING,400,39.023807,49.902783,0.047239,-0.034702,5.001151,0.000000,0.000000,5.000000,0.058627,0
1784320406.710462,FIXED400,TRACKING,400,39.024813,49.959813,0.048289,-0.030753,4.999072,0.000000,0.000000,5.000000,0.057258,0
1784320406.760463,FIXED400,TRACKING,400,42.093168,53.023052,0.049584,-0.022629,4.995375,0.000000,0.000000,5.000000,0.054699,0
1784320406.810462,FIXED400,TRACKING,400,39.025895,46.892578,0.049916,-0.017732,4.995903,0.000000,0.000000,5.000000,0.053130,0
1784320406.860469,FIXED400,TRACKING,400,48.001118,58.940857,0.049983,-0.010277,4.998469,0.000000,0.000000,5.000000,0.051052,0
1784320406.910463,FIXED400,TRACKING,400,44.024606,45.958063,0.049738,-0.006481,4.999747,0.000000,0.000000,5.000000,0.050160,0
1784320406.960463,FIXED400,TRACKING,400,40.989091,46.922682,0.051849,-0.001483,5.007830,0.000000,0.000000,5.000000,0.052458,0
1784320407.010463,FIXED400,TRACKING,400,38.022235,46.996436,0.052670,0.000822,5.011353,0.000000,0.000000,5.000000,0.053886,0
1784320407.060465,FIXED400,TRACKING,400,41.022118,52.960702,0.055688,0.006726,5.018888,0.000000,0.000000,5.000000,0.059187,0
1784320407.110464,FIXED400,TRACKING,400,38.032126,46.962099,0.057627,0.009697,5.023288,0.000000,0.000000,5.000000,0.062906,0
1784320407.160465,FIXED400,TRACKING,400,41.064403,52.993340,0.060334,0.015413,5.027953,0.000000,0.000000,5.000000,0.068258,0
1784320407.210465,FIXED400,TRACKING,400,38.023581,46.918099,0.061488,0.020597,5.030452,0.000000,0.000000,5.000000,0.071640,0
1784320407.261301,FIXED400,TRACKING,400,39.983438,52.696139,0.062648,0.031148,5.034435,0.000000,0.000000,5.000000,0.077979,0
1784320407.310467,FIXED400,TRACKING,400,40.047526,49.163396,0.062491,0.035752,5.035443,0.000000,0.000000,5.000000,0.080247,0
1784320407.360470,FIXED400,TRACKING,400,49.088909,59.000288,0.061348,0.044755,5.036518,0.000000,0.000000,5.000000,0.084262,0
1784320407.410466,FIXED400,TRACKING,400,45.052335,45.894246,0.060673,0.048676,5.035654,0.000000,0.000000,5.000000,0.085568,0
1784320407.460466,FIXED400,TRACKING,400,39.037943,43.943371,0.057168,0.052901,5.033234,0.000000,0.000000,5.000000,0.084683,0
1784320407.510466,FIXED400,TRACKING,400,39.025890,49.952529,0.055216,0.054105,5.032464,0.000000,0.000000,5.000000,0.083845,0
1784320407.560467,FIXED400,TRACKING,400,39.027654,49.952067,0.052187,0.056072,5.029526,0.000000,0.000000,5.000000,0.082093,0
1784320407.610468,FIXED400,TRACKING,400,42.017072,52.931209,0.051471,0.056819,5.027135,0.000000,0.000000,5.000000,0.081326,0
1784320407.660467,FIXED400,TRACKING,400,39.054186,46.985133,0.048765,0.058190,5.021218,0.000000,0.000000,5.000000,0.078831,0
1784320407.710467,FIXED400,TRACKING,400,39.030351,49.935643,0.046739,0.059843,5.019200,0.000000,0.000000,5.000000,0.078322,0
1784320407.760468,FIXED400,TRACKING,400,38.980228,49.904396,0.041858,0.062240,5.016545,0.000000,0.000000,5.000000,0.076809,0
1784320407.810467,FIXED400,TRACKING,400,39.071771,50.053893,0.039025,0.062839,5.016651,0.000000,0.000000,5.000000,0.075822,0
1784320407.862299,FIXED400,TRACKING,400,39.999032,52.718913,0.032025,0.062299,5.017023,0.000000,0.000000,5.000000,0.072087,0
1784320407.910468,FIXED400,TRACKING,400,37.981745,46.099894,0.029009,0.061799,5.015594,0.000000,0.000000,5.000000,0.070027,0
1784320407.960469,FIXED400,TRACKING,400,41.056189,53.030845,0.018726,0.062231,5.012315,0.000000,0.000000,5.000000,0.066144,0
1784320408.010469,FIXED400,TRACKING,400,38.008556,46.919766,0.015269,0.062052,5.010870,0.000000,0.000000,5.000000,0.064820,0
1784320408.060469,FIXED400,TRACKING,400,41.082428,53.030996,0.005539,0.060464,5.002889,0.000000,0.000000,5.000000,0.060786,0
1784320408.110469,FIXED400,TRACKING,400,38.065285,46.913273,0.001437,0.059455,4.997429,0.000000,0.000000,5.000000,0.059528,0
1784320408.161299,FIXED400,TRACKING,400,40.016623,52.739034,-0.007123,0.056939,4.992139,0.000000,0.000000,5.000000,0.057919,0
1784320408.210470,FIXED400,TRACKING,400,40.037485,49.148840,-0.010340,0.055895,4.993822,0.000000,0.000000,5.000000,0.057178,0
1784320408.260470,FIXED400,TRACKING,400,40.010065,49.889906,-0.017729,0.053467,4.997436,0.000000,0.000000,5.000000,0.056389,0
1784320408.310470,FIXED400,TRACKING,400,40.055415,49.991788,-0.020175,0.052630,4.998436,0.000000,0.000000,5.000000,0.056386,0
1784320408.360475,FIXED400,TRACKING,400,52.046243,61.947578,-0.023653,0.051109,5.001076,0.000000,0.000000,5.000000,0.056327,1
1784320408.412564,FIXED400,TRACKING,400,39.998135,101.988294,-0.023653,0.051109,5.001076,0.000000,0.000000,5.000000,0.056327,0
1784320408.460472,FIXED400,TRACKING,400,39.030544,46.881724,-0.032431,0.045339,5.009192,0.000000,0.000000,5.000000,0.056497,0
1784320408.510472,FIXED400,TRACKING,400,42.062782,52.968880,-0.035710,0.042813,5.012941,0.000000,0.000000,5.000000,0.057233,0
1784320408.560471,FIXED400,TRACKING,400,39.034612,46.928824,-0.042403,0.037310,5.018280,0.000000,0.000000,5.000000,0.059365,0
1784320408.610471,FIXED400,TRACKING,400,38.991520,49.920638,-0.045896,0.034395,5.019813,0.000000,0.000000,5.000000,0.060679,0
1784320408.660474,FIXED400,TRACKING,400,39.005639,49.975818,-0.052967,0.027822,5.020549,0.000000,0.000000,5.000000,0.063260,0
1784320408.710472,FIXED400,TRACKING,400,39.017673,49.971881,-0.055927,0.023944,5.019709,0.000000,0.000000,5.000000,0.063950,0
1784320408.762299,FIXED400,TRACKING,400,40.027467,52.784799,-0.060862,0.016882,5.018195,0.000000,0.000000,5.000000,0.065728,0
1784320408.810472,FIXED400,TRACKING,400,38.059430,46.169558,-0.062202,0.013852,5.018677,0.000000,0.000000,5.000000,0.066407,0
1784320408.860473,FIXED400,TRACKING,400,41.018061,52.913088,-0.060208,0.009039,5.021971,0.000000,0.000000,5.000000,0.064726,0
1784320408.910478,FIXED400,TRACKING,400,38.021617,46.933931,-0.059330,0.006620,5.022480,0.000000,0.000000,5.000000,0.063790,0
1784320408.961305,FIXED400,TRACKING,400,52.051090,64.789111,-0.057342,-0.000138,5.027731,0.000000,0.000000,5.000000,0.063696,1
1784320409.013400,FIXED400,TRACKING,400,43.026092,107.857301,-0.057342,-0.000138,5.027731,0.000000,0.000000,5.000000,0.063696,0
1784320409.060474,FIXED400,TRACKING,400,40.121806,44.105632,-0.052041,-0.012626,5.035183,0.000000,0.000000,5.000000,0.064074,0
1784320409.110475,FIXED400,TRACKING,400,39.951700,49.762560,-0.049529,-0.017415,5.038168,0.000000,0.000000,5.000000,0.064909,0
1784320409.160474,FIXED400,TRACKING,400,39.043987,49.052769,-0.044242,-0.026296,5.040877,0.000000,0.000000,5.000000,0.065725,0
1784320409.210475,FIXED400,TRACKING,400,39.046343,49.973868,-0.039182,-0.032937,5.043819,0.000000,0.000000,5.000000,0.067381,0
1784320409.260476,FIXED400,TRACKING,400,38.999851,49.853893,-0.028543,-0.046393,5.048376,0.000000,0.000000,5.000000,0.072850,0
1784320409.310476,FIXED400,TRACKING,400,39.061223,49.998935,-0.023822,-0.051246,5.048450,0.000000,0.000000,5.000000,0.074439,0
1784320409.362298,FIXED400,TRACKING,400,40.028275,52.744353,-0.014436,-0.058741,5.045712,0.000000,0.000000,5.000000,0.075819,0
1784320409.410475,FIXED400,TRACKING,400,38.084170,46.198406,-0.010027,-0.062003,5.043536,0.000000,0.000000,5.000000,0.076422,0
1784320409.461304,FIXED400,TRACKING,400,52.037990,64.738681,0.003716,-0.067204,5.037108,0.000000,0.000000,5.000000,0.076858,1
1784320409.513387,FIXED400,TRACKING,400,37.030205,101.811701,0.003716,-0.067204,5.037108,0.000000,0.000000,5.000000,0.076858,0
1784320409.562299,FIXED400,TRACKING,400,39.980987,51.812989,0.020053,-0.072738,5.026638,0.000000,0.000000,5.000000,0.080016,0
1784320409.610477,FIXED400,TRACKING,400,38.028324,46.188129,0.024079,-0.075207,5.025409,0.000000,0.000000,5.000000,0.082955,0
1784320409.660478,FIXED400,TRACKING,400,41.045068,52.973911,0.032479,-0.078521,5.022811,0.000000,0.000000,5.000000,0.087982,0
1784320409.710478,FIXED400,TRACKING,400,38.013270,46.916320,0.037146,-0.077830,5.021629,0.000000,0.000000,5.000000,0.088911,0
1784320409.760478,FIXED400,TRACKING,400,41.059758,53.003624,0.044845,-0.075355,5.018206,0.000000,0.000000,5.000000,0.089560,0
1784320409.810481,FIXED400,TRACKING,400,41.046829,49.952134,0.048806,-0.073414,5.015075,0.000000,0.000000,5.000000,0.089437,0
1784320409.861298,FIXED400,TRACKING,400,49.038950,58.772959,0.054158,-0.069889,5.009056,0.000000,0.000000,5.000000,0.088879,0
1784320409.910478,FIXED400,TRACKING,400,42.993265,43.098030,0.056247,-0.067742,5.007021,0.000000,0.000000,5.000000,0.088329,0
1784320409.960478,FIXED400,TRACKING,400,40.002825,46.972330,0.060483,-0.063571,5.006214,0.000000,0.000000,5.000000,0.087967,0
1784320410.010478,FIXED400,TRACKING,400,40.025428,49.989064,0.062219,-0.061052,5.005024,0.000000,0.000000,5.000000,0.087315,0
1784320410.060480,FIXED400,TRACKING,400,40.037285,49.966133,0.066295,-0.054972,5.002097,0.000000,0.000000,5.000000,0.086147,0
1784320410.110485,FIXED400,TRACKING,400,49.033027,58.940244,0.068283,-0.052269,5.002369,0.000000,0.000000,5.000000,0.086025,0
1784320410.160480,FIXED400,TRACKING,400,39.027596,39.925407,0.071525,-0.046145,5.004608,0.000000,0.000000,5.000000,0.085243,0
1784320410.210480,FIXED400,TRACKING,400,41.954560,52.893040,0.073475,-0.041391,5.005913,0.000000,0.000000,5.000000,0.084539,0
1784320410.260480,FIXED400,TRACKING,400,39.011282,46.974893,0.075981,-0.030826,5.008970,0.000000,0.000000,5.000000,0.082485,0
1784320410.310482,FIXED400,TRACKING,400,38.990861,49.923829,0.076842,-0.026276,5.010897,0.000000,0.000000,5.000000,0.081938,0
1784320410.360480,FIXED400,TRACKING,400,39.029111,49.995672,0.078163,-0.017150,5.014598,0.000000,0.000000,5.000000,0.081342,0
1784320410.410480,FIXED400,TRACKING,400,39.038478,49.978687,0.078089,-0.012527,5.016615,0.000000,0.000000,5.000000,0.080814,0
1784320410.462299,FIXED400,TRACKING,400,40.009463,52.745178,0.074251,-0.006948,5.025507,0.000000,0.000000,5.000000,0.078817,0
1784320410.510481,FIXED400,TRACKING,400,38.027012,46.153953,0.071810,-0.004814,5.029089,0.000000,0.000000,5.000000,0.077627,0
1784320410.560483,FIXED400,TRACKING,400,41.090097,53.023949,0.065374,0.000306,5.034784,0.000000,0.000000,5.000000,0.074053,0
1784320410.611303,FIXED400,TRACKING,400,49.020461,58.692991,0.061223,0.003384,5.037870,0.000000,0.000000,5.000000,0.072068,0
1784320410.660486,FIXED400,TRACKING,400,43.083187,43.176542,0.052244,0.009401,5.044076,0.000000,0.000000,5.000000,0.068996,0
1784320410.710482,FIXED400,TRACKING,400,39.968988,46.842001,0.049559,0.010698,5.046349,0.000000,0.000000,5.000000,0.068693,0
1784320410.760482,FIXED400,TRACKING,400,40.004745,49.990729,0.043491,0.013227,5.047942,0.000000,0.000000,5.000000,0.066067,0
1784320410.810483,FIXED400,TRACKING,400,39.988221,49.947355,0.039617,0.014761,5.048546,0.000000,0.000000,5.000000,0.064374,0
1784320410.860483,FIXED400,TRACKING,400,39.981740,49.953701,0.027581,0.020297,5.047204,0.000000,0.000000,5.000000,0.058318,0
1784320410.910483,FIXED400,TRACKING,400,40.051596,50.033029,0.022311,0.022235,5.046148,0.000000,0.000000,5.000000,0.055873,0
1784320410.960483,FIXED400,TRACKING,400,37.030435,46.937909,0.010750,0.027229,5.043281,0.000000,0.000000,5.000000,0.052251,0
1784320411.013300,FIXED400,TRACKING,400,37.003018,52.752783,0.004952,0.029350,5.041467,0.000000,0.000000,5.000000,0.051043,0
1784320411.060484,FIXED400,TRACKING,400,42.048762,52.187205,-0.007604,0.033195,5.040032,0.000000,0.000000,5.000000,0.052557,0
1784320411.110485,FIXED400,TRACKING,400,48.047488,55.943696,-0.012892,0.034594,5.041044,0.000000,0.000000,5.000000,0.055205,0
1784320411.160484,FIXED400,TRACKING,400,44.048928,45.942207,-0.023224,0.037229,5.042994,0.000000,0.000000,5.000000,0.061431,0
1784320411.211298,FIXED400,TRACKING,400,40.006710,46.737837,-0.027251,0.039731,5.043668,0.000000,0.000000,5.000000,0.065023,0
1784320411.260485,FIXED400,TRACKING,400,40.049164,49.137835,-0.033633,0.043167,5.041679,0.000000,0.000000,5.000000,0.068787,0
1784320411.310486,FIXED400,TRACKING,400,40.011035,49.907006,-0.036273,0.044544,5.039714,0.000000,0.000000,5.000000,0.069836,0
1784320411.361302,FIXED400,TRACKING,400,49.069097,59.834751,-0.040671,0.046779,5.035297,0.000000,0.000000,5.000000,0.071333,0
1784320411.410448,FIXED400,TRACKING,400,40.023719,40.033380,-0.042890,0.047614,5.033422,0.000000,0.000000,5.000000,0.072275,0
1784320411.460487,FIXED400,TRACKING,400,40.027275,49.996455,-0.047985,0.052504,5.030390,0.000000,0.000000,5.000000,0.077348,0
1784320411.510487,FIXED400,TRACKING,400,40.071417,49.995045,-0.049968,0.054478,5.029283,0.000000,0.000000,5.000000,0.079512,0
1784320411.560487,FIXED400,TRACKING,400,40.011294,49.898031,-0.053410,0.056540,5.027096,0.000000,0.000000,5.000000,0.082363,0
1784320411.610496,FIXED400,TRACKING,400,49.094993,59.050866,-0.054221,0.056483,5.026759,0.000000,0.000000,5.000000,0.082743,0
1784320411.660488,FIXED400,TRACKING,400,40.050486,40.862014,-0.055532,0.055416,5.023813,0.000000,0.000000,5.000000,0.081987,0
1784320411.710488,FIXED400,TRACKING,400,40.052452,49.959325,-0.054002,0.054723,5.024070,0.000000,0.000000,5.000000,0.080562,0
1784320411.760488,FIXED400,TRACKING,400,40.065403,49.964219,-0.050882,0.052513,5.027670,0.000000,0.000000,5.000000,0.078181,0
1784320411.810488,FIXED400,TRACKING,400,39.980125,49.863870,-0.049608,0.050141,5.030533,0.000000,0.000000,5.000000,0.076859,0
1784320411.860492,FIXED400,TRACKING,400,49.074359,59.053598,-0.048852,0.044661,5.032347,0.000000,0.000000,5.000000,0.073672,0
1784320411.910489,FIXED400,TRACKING,400,39.017258,39.886041,-0.048121,0.041798,5.032311,0.000000,0.000000,5.000000,0.071461,0
1784320411.960490,FIXED400,TRACKING,400,42.039531,52.978442,-0.041993,0.036265,5.034425,0.000000,0.000000,5.000000,0.065296,0
1784320412.010489,FIXED400,TRACKING,400,39.028193,46.951023,-0.038518,0.033576,5.035004,0.000000,0.000000,5.000000,0.061938,0
1784320412.060490,FIXED400,TRACKING,400,39.074637,49.997405,-0.027962,0.026735,5.037143,0.000000,0.000000,5.000000,0.053630,0
1784320412.110490,FIXED400,TRACKING,400,38.965714,49.831157,-0.021893,0.023420,5.040560,0.000000,0.000000,5.000000,0.051700,0
1784320412.160490,FIXED400,TRACKING,400,42.021390,52.999794,-0.010007,0.017188,5.047458,0.000000,0.000000,5.000000,0.051457,0
1784320412.210490,FIXED400,TRACKING,400,39.012161,46.955830,-0.002518,0.015651,5.048788,0.000000,0.000000,5.000000,0.051299,0
1784320412.260490,FIXED400,TRACKING,400,39.024060,49.924480,0.013316,0.011361,5.051268,0.000000,0.000000,5.000000,0.054174,0
1784320412.310491,FIXED400,TRACKING,400,39.045369,49.963213,0.020945,0.008921,5.052475,0.000000,0.000000,5.000000,0.057200,0
1784320412.360491,FIXED400,TRACKING,400,39.049706,49.964712,0.037140,0.003259,5.052762,0.000000,0.000000,5.000000,0.064605,0
1784320412.410490,FIXED400,TRACKING,400,42.036034,52.951767,0.044693,0.000259,5.051918,0.000000,0.000000,5.000000,0.068505,0
1784320412.460491,FIXED400,TRACKING,400,39.029835,46.948289,0.062365,-0.009025,5.051154,0.000000,0.000000,5.000000,0.081164,0
1784320412.510491,FIXED400,TRACKING,400,39.047523,49.987533,0.069668,-0.013215,5.048740,0.000000,0.000000,5.000000,0.086045,0
1784320412.560492,FIXED400,TRACKING,400,39.003660,49.912368,0.083934,-0.020591,5.042716,0.000000,0.000000,5.000000,0.096403,0
1784320412.610492,FIXED400,TRACKING,400,38.973680,49.937024,0.091128,-0.023606,5.041590,0.000000,0.000000,5.000000,0.102914,0
1784320412.662299,FIXED400,TRACKING,400,40.009461,52.804288,0.103748,-0.030353,5.041212,0.000000,0.000000,5.000000,0.115687,0
1784320412.710493,FIXED400,TRACKING,400,37.991829,46.123041,0.106693,-0.035400,5.040655,0.000000,0.000000,5.000000,0.119539,0
1784320412.760493,FIXED400,TRACKING,400,41.084562,53.053739,0.111103,-0.044258,5.038582,0.000000,0.000000,5.000000,0.125664,0
1784320412.810493,FIXED400,TRACKING,400,37.978080,46.854206,0.112440,-0.047640,5.038082,0.000000,0.000000,5.000000,0.127916,0
1784320412.860493,FIXED400,TRACKING,400,41.025537,53.009093,0.113183,-0.051205,5.033446,0.000000,0.000000,5.000000,0.128651,0
1784320412.910493,FIXED400,TRACKING,400,41.018396,49.958453,0.112943,-0.052231,5.030055,0.000000,0.000000,5.000000,0.128013,0
1784320412.960494,FIXED400,TRACKING,400,38.037785,46.981125,0.109470,-0.049816,5.025264,0.000000,0.000000,5.000000,0.122896,0
1784320413.010494,FIXED400,TRACKING,400,41.028687,52.957743,0.107081,-0.047975,5.023149,0.000000,0.000000,5.000000,0.119598,0
1784320413.060494,FIXED400,TRACKING,400,38.039325,46.960074,0.098564,-0.044759,5.019597,0.000000,0.000000,5.000000,0.110010,0
1784320413.110494,FIXED400,TRACKING,400,41.024856,52.929846,0.093447,-0.043779,5.017838,0.000000,0.000000,5.000000,0.104724,0
1784320413.160495,FIXED400,TRACKING,400,38.090141,47.020458,0.082696,-0.040903,5.014868,0.000000,0.000000,5.000000,0.093449,0
1784320413.211304,FIXED400,TRACKING,400,52.073028,64.760305,0.076470,-0.036551,5.015646,0.000000,0.000000,5.000000,0.086188,1
1784320413.263463,FIXED400,TRACKING,400,43.019002,107.865353,0.076470,-0.036551,5.015646,0.000000,0.000000,5.000000,0.086188,0
1784320413.310497,FIXED400,TRACKING,400,40.042436,43.948795,0.055338,-0.021581,5.015006,0.000000,0.000000,5.000000,0.061263,0
1784320413.360496,FIXED400,TRACKING,400,40.060738,49.975498,0.040886,-0.009338,5.012656,0.000000,0.000000,5.000000,0.043807,0
1784320413.410496,FIXED400,TRACKING,400,40.016835,49.909891,0.033828,-0.003516,5.011294,0.000000,0.000000,5.000000,0.035837,0
1784320413.460496,FIXED400,TRACKING,400,37.048836,46.992798,0.018766,0.007569,5.011032,0.000000,0.000000,5.000000,0.023047,0
1784320413.513299,FIXED400,TRACKING,400,36.987654,52.704825,0.012399,0.012028,5.011069,0.000000,0.000000,5.000000,0.020517,0
1784320413.560498,FIXED400,TRACKING,400,42.072065,52.250221,0.000724,0.020258,5.013887,0.000000,0.000000,5.000000,0.024571,0
1784320413.610497,FIXED400,TRACKING,400,38.999021,46.879081,-0.004510,0.023957,5.017367,0.000000,0.000000,5.000000,0.029932,0
1784320413.660497,FIXED400,TRACKING,400,39.036644,49.993174,-0.015686,0.031611,5.026589,0.000000,0.000000,5.000000,0.044185,0
1784320413.710497,FIXED400,TRACKING,400,38.999106,49.931372,-0.019492,0.033657,5.031549,0.000000,0.000000,5.000000,0.050081,0
1784320413.760497,FIXED400,TRACKING,400,42.020890,52.965344,-0.027222,0.037484,5.039318,0.000000,0.000000,5.000000,0.060762,0
1784320413.810498,FIXED400,TRACKING,400,39.018182,46.962551,-0.031003,0.039813,5.043321,0.000000,0.000000,5.000000,0.066506,0
1784320413.860498,FIXED400,TRACKING,400,39.012075,49.955136,-0.038651,0.048442,5.054887,0.000000,0.000000,5.000000,0.082783,0
1784320413.910498,FIXED400,TRACKING,400,39.000488,49.947217,-0.041917,0.051748,5.058508,0.000000,0.000000,5.000000,0.088646,0
1784320413.960499,FIXED400,TRACKING,400,42.012525,52.967794,-0.047997,0.055207,5.068740,0.000000,0.000000,5.000000,0.100383,0
1784320414.010499,FIXED400,TRACKING,400,36.006773,43.961492,-0.050745,0.056518,5.073153,0.000000,0.000000,5.000000,0.105455,0
1784320414.060505,FIXED400,TRACKING,400,51.054942,65.015247,-0.054393,0.058060,5.079940,0.000000,0.000000,5.000000,0.112783,1
1784320414.111615,FIXED400,TRACKING,400,43.013676,108.082768,-0.054393,0.058060,5.079940,0.000000,0.000000,5.000000,0.112783,0
1784320414.160500,FIXED400,TRACKING,400,41.065792,46.868862,-0.055581,0.057481,5.084877,0.000000,0.000000,5.000000,0.116608,0
1784320414.210500,FIXED400,TRACKING,400,38.026826,46.919975,-0.058012,0.056977,5.086483,0.000000,0.000000,5.000000,0.118705,0
1784320414.260502,FIXED400,TRACKING,400,41.046613,52.936924,-0.063016,0.054810,5.082096,0.000000,0.000000,5.000000,0.117110,0
1784320414.310501,FIXED400,TRACKING,400,38.066866,46.959673,-0.064271,0.052602,5.078362,0.000000,0.000000,5.000000,0.114186,0
1784320414.360501,FIXED400,TRACKING,400,41.047650,52.943524,-0.064686,0.045935,5.071712,0.000000,0.000000,5.000000,0.106943,0
1784320414.410501,FIXED400,TRACKING,400,41.051007,49.970810,-0.064511,0.042305,5.067750,0.000000,0.000000,5.000000,0.102671,0
1784320414.460501,FIXED400,TRACKING,400,38.029541,46.934153,-0.060248,0.031131,5.063587,0.000000,0.000000,5.000000,0.092964,0
1784320414.510502,FIXED400,TRACKING,400,41.066541,52.998306,-0.057909,0.025875,5.062067,0.000000,0.000000,5.000000,0.088743,0
1784320414.560502,FIXED400,TRACKING,400,38.052062,46.946511,-0.053565,0.015521,5.056769,0.000000,0.000000,5.000000,0.079579,0
1784320414.610502,FIXED400,TRACKING,400,40.983318,52.900574,-0.051557,0.010335,5.055173,0.000000,0.000000,5.000000,0.076217,0
1784320414.660502,FIXED400,TRACKING,400,38.009365,46.989875,-0.046403,-0.001504,5.052025,0.000000,0.000000,5.000000,0.069728,0
1784320414.710507,FIXED400,TRACKING,400,51.046508,63.011859,-0.042363,-0.006841,5.050485,0.000000,0.000000,5.000000,0.066258,1
1784320414.761611,FIXED400,TRACKING,400,40.048850,103.116668,-0.042363,-0.006841,5.050485,0.000000,0.000000,5.000000,0.066258,0
1784320414.810503,FIXED400,TRACKING,400,41.015608,49.803219,-0.031070,-0.021482,5.046141,0.000000,0.000000,5.000000,0.059630,0
1784320414.860504,FIXED400,TRACKING,400,38.011842,46.956095,-0.024063,-0.028473,5.042744,0.000000,0.000000,5.000000,0.056717,0
1784320414.911298,FIXED400,TRACKING,400,40.001469,52.753308,-0.021088,-0.031100,5.041013,0.000000,0.000000,5.000000,0.055623,0
1784320414.960504,FIXED400,TRACKING,400,40.040665,49.202463,-0.013077,-0.033906,5.035484,0.000000,0.000000,5.000000,0.050791,0
1784320415.010504,FIXED400,TRACKING,400,39.985519,49.911052,-0.009120,-0.035227,5.031473,0.000000,0.000000,5.000000,0.048111,0
1784320415.060505,FIXED400,TRACKING,400,40.040351,50.013831,-0.001368,-0.036327,5.020504,0.000000,0.000000,5.000000,0.041736,0
1784320415.110506,FIXED400,TRACKING,400,40.052538,49.947993,0.001349,-0.035823,5.015844,0.000000,0.000000,5.000000,0.039193,0
1784320415.160505,FIXED400,TRACKING,400,40.054372,49.960993,0.006416,-0.035010,5.006502,0.000000,0.000000,5.000000,0.036182,0
1784320415.210505,FIXED400,TRACKING,400,36.996041,46.910618,0.010478,-0.034614,5.006100,0.000000,0.000000,5.000000,0.036676,0
1784320415.260509,FIXED400,TRACKING,400,40.007656,52.933492,0.018858,-0.033148,5.003592,0.000000,0.000000,5.000000,0.038306,0
1784320415.310506,FIXED400,TRACKING,400,40.030475,49.954566,0.022334,-0.031676,5.004155,0.000000,0.000000,5.000000,0.038980,0
1784320415.360506,FIXED400,TRACKING,400,40.020541,49.951802,0.028689,-0.027413,5.007445,0.000000,0.000000,5.000000,0.040372,0
1784320415.410506,FIXED400,TRACKING,400,40.045297,49.983478,0.031302,-0.025027,5.009181,0.000000,0.000000,5.000000,0.041115,0
1784320415.461305,FIXED400,TRACKING,400,52.072377,62.789155,0.036965,-0.018955,5.010027,0.000000,0.000000,5.000000,0.042734,1
1784320415.513427,FIXED400,TRACKING,400,40.025298,102.863273,0.036965,-0.018955,5.010027,0.000000,0.000000,5.000000,0.042734,0
1784320415.560508,FIXED400,TRACKING,400,40.044861,47.047197,0.042613,-0.012474,5.014817,0.000000,0.000000,5.000000,0.046809,0
1784320415.610508,FIXED400,TRACKING,400,39.968713,49.878249,0.043658,-0.011116,5.018178,0.000000,0.000000,5.000000,0.048581,0
1784320415.660508,FIXED400,TRACKING,400,40.018344,50.001585,0.045101,-0.009441,5.024807,0.000000,0.000000,5.000000,0.052332,0
1784320415.710508,FIXED400,TRACKING,400,37.071925,47.003871,0.045691,-0.012034,5.026066,0.000000,0.000000,5.000000,0.053962,0
1784320415.760508,FIXED400,TRACKING,400,40.042973,52.926509,0.046289,-0.016177,5.027514,0.000000,0.000000,5.000000,0.056226,0
1784320415.810508,FIXED400,TRACKING,400,40.007015,49.928385,0.046457,-0.017590,5.028219,0.000000,0.000000,5.000000,0.057131,0
1784320415.860508,FIXED400,TRACKING,400,40.042723,49.994826,0.047009,-0.019203,5.032282,0.000000,0.000000,5.000000,0.060172,0
1784320415.910509,FIXED400,TRACKING,400,40.047481,49.972283,0.047045,-0.019778,5.034916,0.000000,0.000000,5.000000,0.061835,0
1784320415.960514,FIXED400,TRACKING,400,49.047365,58.963947,0.048423,-0.020581,5.035516,0.000000,0.000000,5.000000,0.063481,0
1784320416.010510,FIXED400,TRACKING,400,45.022485,45.911891,0.049035,-0.020894,5.034874,0.000000,0.000000,5.000000,0.063696,0
1784320416.060510,FIXED400,TRACKING,400,39.040804,43.957661,0.049990,-0.023846,5.031326,0.000000,0.000000,5.000000,0.063632,0
1784320416.110510,FIXED400,TRACKING,400,39.034726,49.932494,0.050242,-0.026038,5.028546,0.000000,0.000000,5.000000,0.063381,0
1784320416.160510,FIXED400,TRACKING,400,39.067247,49.982746,0.050025,-0.029670,5.019018,0.000000,0.000000,5.000000,0.061192,0
1784320416.210510,FIXED400,TRACKING,400,42.052092,52.950041,0.049940,-0.030543,5.017457,0.000000,0.000000,5.000000,0.061087,0
1784320416.260510,FIXED400,TRACKING,400,39.055965,46.916645,0.049043,-0.032097,5.016770,0.000000,0.000000,5.000000,0.060964,0
1784320416.310518,FIXED400,TRACKING,400,49.086244,59.980913,0.048644,-0.032267,5.018520,0.000000,0.000000,5.000000,0.061241,0
1784320416.360512,FIXED400,TRACKING,400,41.999145,42.839586,0.047940,-0.032105,5.023609,0.000000,0.000000,5.000000,0.062341,0
1784320416.410511,FIXED400,TRACKING,400,39.024111,46.989090,0.047319,-0.031976,5.025750,0.000000,0.000000,5.000000,0.062647,0
1784320416.462299,FIXED400,TRACKING,400,40.059509,52.784761,0.042973,-0.031003,5.033802,0.000000,0.000000,5.000000,0.062852,0
1784320416.510512,FIXED400,TRACKING,400,38.050314,46.164986,0.040572,-0.030505,5.036884,0.000000,0.000000,5.000000,0.062747,0
1784320416.560513,FIXED400,TRACKING,400,41.104634,53.007944,0.035700,-0.029490,5.040848,0.000000,0.000000,5.000000,0.061747,0
1784320416.610513,FIXED400,TRACKING,400,38.058787,46.903971,0.033379,-0.028868,5.041066,0.000000,0.000000,5.000000,0.060282,0
1784320416.660514,FIXED400,TRACKING,400,40.989588,52.887950,0.028024,-0.026361,5.041096,0.000000,0.000000,5.000000,0.056295,0
1784320416.710513,FIXED400,TRACKING,400,41.036067,50.003406,0.024851,-0.024205,5.043653,0.000000,0.000000,5.000000,0.055758,0
1784320416.760513,FIXED400,TRACKING,400,37.988925,46.910391,0.018443,-0.020243,5.048009,0.000000,0.000000,5.000000,0.055271,0
1784320416.811300,FIXED400,TRACKING,400,52.055401,64.807402,0.014929,-0.018119,5.053066,0.000000,0.000000,5.000000,0.058027,1
1784320416.863403,FIXED400,TRACKING,400,43.047251,107.900502,0.014929,-0.018119,5.053066,0.000000,0.000000,5.000000,0.058027,0
1784320416.910514,FIXED400,TRACKING,400,40.052287,44.053447,0.008117,-0.013467,5.062646,0.000000,0.000000,5.000000,0.064589,0
1784320416.960515,FIXED400,TRACKING,400,40.022195,49.918225,0.001421,-0.011221,5.064176,0.000000,0.000000,5.000000,0.065165,0
1784320417.010515,FIXED400,TRACKING,400,37.040333,46.973308,-0.002116,-0.010082,5.063097,0.000000,0.000000,5.000000,0.063932,0
1784320417.060517,FIXED400,TRACKING,400,40.033777,52.952623,-0.009526,-0.006376,5.060437,0.000000,0.000000,5.000000,0.061514,0
1784320417.110515,FIXED400,TRACKING,400,40.032124,49.921923,-0.012459,-0.004225,5.059640,0.000000,0.000000,5.000000,0.061074,0
1784320417.160515,FIXED400,TRACKING,400,39.991349,49.915992,-0.018088,-0.000192,5.053802,0.000000,0.000000,5.000000,0.056761,0
1784320417.210522,FIXED400,TRACKING,400,49.037549,59.022834,-0.020175,0.002082,5.050676,0.000000,0.000000,5.000000,0.054584,0
1784320417.260516,FIXED400,TRACKING,400,44.979335,45.819242,-0.024734,0.006712,5.046934,0.000000,0.000000,5.000000,0.053476,0
1784320417.310517,FIXED400,TRACKING,400,39.042275,43.986548,-0.027006,0.009229,5.047174,0.000000,0.000000,5.000000,0.055135,0
1784320417.360516,FIXED400,TRACKING,400,39.019263,49.935761,-0.031861,0.014841,5.047723,0.000000,0.000000,5.000000,0.059269,0
1784320417.410516,FIXED400,TRACKING,400,39.051814,49.997871,-0.034106,0.017300,5.045841,0.000000,0.000000,5.000000,0.059699,0
1784320417.460518,FIXED400,TRACKING,400,42.063543,52.964966,-0.037883,0.023789,5.040826,0.000000,0.000000,5.000000,0.060562,0
1784320417.510518,FIXED400,TRACKING,400,39.035201,46.926059,-0.039274,0.026492,5.038403,0.000000,0.000000,5.000000,0.060984,0
1784320417.560517,FIXED400,TRACKING,400,39.000530,49.922130,-0.041576,0.030397,5.030236,0.000000,0.000000,5.000000,0.059722,0
1784320417.610518,FIXED400,TRACKING,400,39.002081,49.968893,-0.042431,0.031406,5.025491,0.000000,0.000000,5.000000,0.058622,0
1784320417.660518,FIXED400,TRACKING,400,39.033625,49.980523,-0.043410,0.034321,5.017581,0.000000,0.000000,5.000000,0.058064,0
1784320417.710518,FIXED400,TRACKING,400,42.070317,52.995207,-0.043264,0.037926,5.016102,0.000000,0.000000,5.000000,0.059745,0
1784320417.760518,FIXED400,TRACKING,400,39.031145,46.909868,-0.042798,0.043956,5.013646,0.000000,0.000000,5.000000,0.062849,0
1784320417.810524,FIXED400,TRACKING,400,50.986318,61.928712,-0.042528,0.047020,5.011216,0.000000,0.000000,5.000000,0.064384,1
1784320417.861565,FIXED400,TRACKING,400,42.998943,104.981569,-0.042528,0.047020,5.011216,0.000000,0.000000,5.000000,0.064384,0
1784320417.910523,FIXED400,TRACKING,400,41.042252,46.942284,-0.041314,0.059387,5.001355,0.000000,0.000000,5.000000,0.072357,0
1784320417.960519,FIXED400,TRACKING,400,38.038405,46.951057,-0.041135,0.064958,5.004438,0.000000,0.000000,5.000000,0.077015,0
1784320418.010519,FIXED400,TRACKING,400,41.069542,52.997149,-0.040855,0.067198,5.006768,0.000000,0.000000,5.000000,0.078934,0
1784320418.060526,FIXED400,TRACKING,400,38.071296,46.893264,-0.041385,0.069204,5.009729,0.000000,0.000000,5.000000,0.081220,0
1784320418.110521,FIXED400,TRACKING,400,40.987248,52.826849,-0.042164,0.068702,5.012312,0.000000,0.000000,5.000000,0.081544,0
1784320418.160520,FIXED400,TRACKING,400,41.084252,50.055005,-0.042925,0.066713,5.020595,0.000000,0.000000,5.000000,0.081959,0
1784320418.210520,FIXED400,TRACKING,400,35.037264,43.923803,-0.042691,0.065056,5.026956,0.000000,0.000000,5.000000,0.082350,0
1784320418.261305,FIXED400,TRACKING,400,49.172416,64.827677,-0.041932,0.060793,5.039345,0.000000,0.000000,5.000000,0.083678,0
1784320418.310547,FIXED400,TRACKING,400,43.058101,107.953190,-0.041932,0.060793,5.039345,0.000000,0.000000,5.000000,0.083678,0
1784320418.360522,FIXED400,TRACKING,400,40.035896,46.897826,-0.047362,0.051669,5.049200,0.000000,0.000000,5.000000,0.085636,0
1784320418.410522,FIXED400,TRACKING,400,40.018091,49.944219,-0.049092,0.047411,5.050752,0.000000,0.000000,5.000000,0.085051,0
1784320418.460521,FIXED400,TRACKING,400,37.007976,46.950974,-0.049607,0.038867,5.054053,0.000000,0.000000,5.000000,0.083025,0
1784320418.510522,FIXED400,TRACKING,400,40.031988,52.987986,-0.049178,0.034443,5.055261,0.000000,0.000000,5.000000,0.081600,0
1784320418.560522,FIXED400,TRACKING,400,39.980218,49.903901,-0.047580,0.022746,5.059165,0.000000,0.000000,5.000000,0.079258,0
1784320418.610523,FIXED400,TRACKING,400,40.041423,50.025548,-0.046540,0.014897,5.061872,0.000000,0.000000,5.000000,0.078842,0
1784320418.660523,FIXED400,TRACKING,400,39.996030,49.906076,-0.043995,-0.001050,5.065917,0.000000,0.000000,5.000000,0.079257,0
1784320418.711304,FIXED400,TRACKING,400,49.059938,59.799530,-0.043231,-0.007938,5.069515,0.000000,0.000000,5.000000,0.082245,0
1784320418.760524,FIXED400,TRACKING,400,43.053892,43.134570,-0.041143,-0.021696,5.074398,0.000000,0.000000,5.000000,0.087741,0
1784320418.810524,FIXED400,TRACKING,400,39.997112,46.906744,-0.039570,-0.027094,5.077355,0.000000,0.000000,5.000000,0.091015,0
1784320418.860524,FIXED400,TRACKING,400,40.021407,49.984908,-0.035241,-0.036735,5.083519,0.000000,0.000000,5.000000,0.097810,0
1784320418.910524,FIXED400,TRACKING,400,39.976780,49.909796,-0.032860,-0.041148,5.085113,0.000000,0.000000,5.000000,0.100086,0
1784320418.960525,FIXED400,TRACKING,400,40.045162,50.031587,-0.025891,-0.050873,5.085905,0.000000,0.000000,5.000000,0.103141,0
1784320419.010525,FIXED400,TRACKING,400,40.004269,49.928502,-0.022124,-0.055370,5.085670,0.000000,0.000000,5.000000,0.104378,0
1784320419.060528,FIXED400,TRACKING,400,37.001897,46.962004,-0.012842,-0.064522,5.083992,0.000000,0.000000,5.000000,0.106690,0
1784320419.110525,FIXED400,TRACKING,400,40.055850,52.977631,-0.008496,-0.068155,5.080952,0.000000,0.000000,5.000000,0.106162,0
1784320419.160525,FIXED400,TRACKING,400,40.044820,49.945439,-0.000167,-0.074092,5.071472,0.000000,0.000000,5.000000,0.102946,0
1784320419.210526,FIXED400,TRACKING,400,40.028509,49.947275,0.005489,-0.075973,5.068510,0.000000,0.000000,5.000000,0.102449,0
1784320419.260527,FIXED400,TRACKING,400,40.097304,49.966263,0.016995,-0.078759,5.063429,0.000000,0.000000,5.000000,0.102543,0
1784320419.310529,FIXED400,TRACKING,400,39.987736,49.822398,0.021392,-0.079128,5.061706,0.000000,0.000000,5.000000,0.102599,0
1784320419.360526,FIXED400,TRACKING,400,40.032389,49.991504,0.029135,-0.078481,5.054685,0.000000,0.000000,5.000000,0.099993,0
1784320419.410527,FIXED400,TRACKING,400,39.998945,49.917397,0.033687,-0.077543,5.047266,0.000000,0.000000,5.000000,0.096860,0
1784320419.461304,FIXED400,TRACKING,400,52.066302,62.804418,0.038525,-0.074567,5.038019,0.000000,0.000000,5.000000,0.092141,1
1784320419.513414,FIXED400,TRACKING,400,40.017797,102.865087,0.038525,-0.074567,5.038019,0.000000,0.000000,5.000000,0.092141,0
1784320419.560529,FIXED400,TRACKING,400,39.078489,46.126767,0.046230,-0.067519,5.032080,0.000000,0.000000,5.000000,0.087893,0
1784320419.610528,FIXED400,TRACKING,400,39.002973,49.870348,0.049210,-0.064917,5.034376,0.000000,0.000000,5.000000,0.088417,0
1784320419.662299,FIXED400,TRACKING,400,39.997857,52.713662,0.054301,-0.058193,5.036897,0.000000,0.000000,5.000000,0.087729,0
1784320419.710528,FIXED400,TRACKING,400,38.031699,46.218826,0.056225,-0.052639,5.037316,0.000000,0.000000,5.000000,0.085584,0
1784320419.760529,FIXED400,TRACKING,400,41.014113,52.933628,0.059240,-0.041787,5.037946,0.000000,0.000000,5.000000,0.081825,0
1784320419.810529,FIXED400,TRACKING,400,38.034617,46.982095,0.060278,-0.036421,5.037853,0.000000,0.000000,5.000000,0.079955,0
1784320419.860529,FIXED400,TRACKING,400,41.040421,52.963870,0.061309,-0.023886,5.038141,0.000000,0.000000,5.000000,0.076053,0
1784320419.910530,FIXED400,TRACKING,400,41.018644,49.937440,0.061521,-0.018159,5.038381,0.000000,0.000000,5.000000,0.074751,0
1784320419.961304,FIXED400,TRACKING,400,49.071885,58.783076,0.063534,-0.003206,5.040333,0.000000,0.000000,5.000000,0.075323,0
1784320420.010530,FIXED400,TRACKING,400,43.020403,43.121908,0.064178,0.004321,5.040723,0.000000,0.000000,5.000000,0.076130,0
1784320420.060530,FIXED400,TRACKING,400,40.047628,46.988733,0.063924,0.022909,5.038098,0.000000,0.000000,5.000000,0.077863,0
1784320420.110531,FIXED400,TRACKING,400,40.051501,49.939230,0.062964,0.031798,5.036167,0.000000,0.000000,5.000000,0.079270,0
1784320420.160530,FIXED400,TRACKING,400,40.024734,49.931684,0.060157,0.047937,5.033582,0.000000,0.000000,5.000000,0.083932,0
1784320420.210531,FIXED400,TRACKING,400,40.014361,49.955923,0.057507,0.054165,5.032093,0.000000,0.000000,5.000000,0.085269,0
1784320420.260531,FIXED400,TRACKING,400,40.061088,49.948202,0.050874,0.066774,5.031098,0.000000,0.000000,5.000000,0.089521,0
1784320420.310532,FIXED400,TRACKING,400,40.041076,49.921825,0.046552,0.072022,5.032519,0.000000,0.000000,5.000000,0.091715,0
1784320420.360531,FIXED400,TRACKING,400,40.074512,49.992600,0.035566,0.081760,5.038833,0.000000,0.000000,5.000000,0.097250,0
1784320420.410532,FIXED400,TRACKING,400,37.039755,46.928377,0.029996,0.085985,5.041357,0.000000,0.000000,5.000000,0.100018,0
1784320420.460533,FIXED400,TRACKING,400,40.081602,52.956845,0.019167,0.091409,5.048478,0.000000,0.000000,5.000000,0.105228,0
1784320420.510533,FIXED400,TRACKING,400,40.053395,49.917455,0.014584,0.092955,5.050632,0.000000,0.000000,5.000000,0.106850,0
1784320420.560533,FIXED400,TRACKING,400,40.051804,49.941290,0.005900,0.095179,5.055200,0.000000,0.000000,5.000000,0.110186,0
1784320420.610533,FIXED400,TRACKING,400,40.036064,49.951792,0.000830,0.095955,5.059608,0.000000,0.000000,5.000000,0.112965,0
1784320420.660532,FIXED400,TRACKING,400,40.017321,49.933791,-0.007409,0.095755,5.067332,0.000000,0.000000,5.000000,0.117293,0
1784320420.710533,FIXED400,TRACKING,400,40.015888,49.961507,-0.011717,0.094575,5.074470,0.000000,0.000000,5.000000,0.120944,0
1784320420.760533,FIXED400,TRACKING,400,37.064231,47.004739,-0.019934,0.091044,5.083860,0.000000,0.000000,5.000000,0.125375,0
1784320420.810539,FIXED400,TRACKING,400,52.069075,64.978377,-0.023540,0.088857,5.086432,0.000000,0.000000,5.000000,0.126175,1
1784320420.862657,FIXED400,TRACKING,400,43.023429,108.048787,-0.023540,0.088857,5.086432,0.000000,0.000000,5.000000,0.126175,0
1784320420.910535,FIXED400,TRACKING,400,39.053379,43.827930,-0.032128,0.079907,5.096606,0.000000,0.000000,5.000000,0.129422,0
1784320420.960535,FIXED400,TRACKING,400,42.028417,52.934050,-0.034632,0.072428,5.104949,0.000000,0.000000,5.000000,0.132135,0
1784320421.010535,FIXED400,TRACKING,400,39.037740,46.977928,-0.035667,0.068494,5.108030,0.000000,0.000000,5.000000,0.132794,0
1784320421.060536,FIXED400,TRACKING,400,36.064412,46.989183,-0.037721,0.059588,5.112543,0.000000,0.000000,5.000000,0.132814,0
1784320421.110546,FIXED400,TRACKING,400,51.045892,64.934707,-0.038481,0.055676,5.113482,0.000000,0.000000,5.000000,0.132131,1
1784320421.161667,FIXED400,TRACKING,400,40.053751,105.061423,-0.038481,0.055676,5.113482,0.000000,0.000000,5.000000,0.132131,0
1784320421.210536,FIXED400,TRACKING,400,41.013744,49.766730,-0.038880,0.044314,5.109519,0.000000,0.000000,5.000000,0.124378,0
1784320421.260537,FIXED400,TRACKING,400,38.021282,46.919688,-0.036952,0.035996,5.098040,0.000000,0.000000,5.000000,0.110783,0
1784320421.310536,FIXED400,TRACKING,400,41.003229,52.913318,-0.035398,0.031568,5.091992,0.000000,0.000000,5.000000,0.103500,0
1784320421.360537,FIXED400,TRACKING,400,38.054494,47.012006,-0.031139,0.021058,5.080146,0.000000,0.000000,5.000000,0.088524,0
1784320421.410569,FIXED400,TRACKING,400,26.049529,37.990126,-0.029049,0.015603,5.073236,0.000000,0.000000,5.000000,0.080317,0
1784320421.460684,FIXED400,TRACKING,400,25.050373,40.733689,-0.027618,0.003687,5.061759,0.000000,0.000000,5.000000,0.067754,0
1784320421.510685,FIXED400,TRACKING,400,27.383687,52.266217,-0.027105,-0.001595,5.056497,0.000000,0.000000,5.000000,0.062683,0
1784320421.560663,FIXED400,TRACKING,400,27.233706,42.777235,-0.023723,-0.012639,5.050010,0.000000,0.000000,5.000000,0.056776,0
1784320421.610581,FIXED400,TRACKING,400,26.934139,49.542784,-0.020451,-0.018424,5.048006,0.000000,0.000000,5.000000,0.055338,0
1784320421.660576,FIXED400,TRACKING,400,26.703938,42.328248,-0.012688,-0.031310,5.040015,0.000000,0.000000,5.000000,0.052369,0
1784320421.710687,FIXED400,TRACKING,400,26.975016,50.300391,-0.008263,-0.038497,5.037569,0.000000,0.000000,5.000000,0.054422,0
1784320421.760573,FIXED400,TRACKING,400,26.100042,41.760065,-0.000213,-0.051616,5.032857,0.000000,0.000000,5.000000,0.061186,0
1784320421.810581,FIXED400,TRACKING,400,27.269679,51.103174,0.003617,-0.058062,5.030306,0.000000,0.000000,5.000000,0.065595,0
1784320421.860682,FIXED400,TRACKING,400,26.889649,42.669388,0.012979,-0.073766,5.028522,0.000000,0.000000,5.000000,0.080146,0
1784320421.910582,FIXED400,TRACKING,400,27.262857,50.185205,0.016710,-0.079871,5.028160,0.000000,0.000000,5.000000,0.086323,0
1784320421.960574,FIXED400,TRACKING,400,26.467389,42.209988,0.021544,-0.090964,5.030997,0.000000,0.000000,5.000000,0.098486,0
1784320422.010585,FIXED400,TRACKING,400,27.346492,50.825856,0.023658,-0.095684,5.032756,0.000000,0.000000,5.000000,0.103866,0
1784320422.060571,FIXED400,TRACKING,400,25.992720,41.667992,0.028295,-0.107014,5.037988,0.000000,0.000000,5.000000,0.117029,0
1784320422.110684,FIXED400,TRACKING,400,27.891129,51.927613,0.030388,-0.112479,5.040405,0.000000,0.000000,5.000000,0.123319,0
1784320422.160675,FIXED400,TRACKING,400,26.979852,42.801769,0.034184,-0.121688,5.041214,0.000000,0.000000,5.000000,0.132947,0
1784320422.210579,FIXED400,TRACKING,400,26.886801,49.747237,0.036118,-0.125016,5.042323,0.000000,0.000000,5.000000,0.136839,0
1784320422.260572,FIXED400,TRACKING,400,25.753638,41.303752,0.039953,-0.130035,5.044673,0.000000,0.000000,5.000000,0.143182,0
1784320422.310698,FIXED400,TRACKING,400,27.840853,52.112403,0.040704,-0.131207,5.045602,0.000000,0.000000,5.000000,0.144747,0
1784320422.360579,FIXED400,TRACKING,400,26.753804,42.404451,0.040291,-0.131527,5.048304,0.000000,0.000000,5.000000,0.145794,0
1784320422.410585,FIXED400,TRACKING,400,26.999790,50.185778,0.039933,-0.130838,5.048900,0.000000,0.000000,5.000000,0.145274,0
1784320422.460676,FIXED400,TRACKING,400,27.151465,42.973676,0.039076,-0.125079,5.048977,0.000000,0.000000,5.000000,0.139894,0
1784320422.510687,FIXED400,TRACKING,400,26.787118,49.578593,0.038773,-0.121881,5.049438,0.000000,0.000000,5.000000,0.137122,0
1784320422.560581,FIXED400,TRACKING,400,26.561616,42.279635,0.039774,-0.113434,5.052871,0.000000,0.000000,5.000000,0.131319,0
1784320422.610691,FIXED400,TRACKING,400,27.783651,51.259234,0.041325,-0.107571,5.055027,0.000000,0.000000,5.000000,0.127700,0
1784320422.660578,FIXED400,TRACKING,400,26.179981,41.864492,0.044000,-0.094245,5.055827,0.000000,0.000000,5.000000,0.118046,0
1784320422.710571,FIXED400,TRACKING,400,26.826543,50.549564,0.043532,-0.088946,5.057755,0.000000,0.000000,5.000000,0.114639,0
1784320422.760579,FIXED400,TRACKING,400,26.728288,42.484512,0.041898,-0.077298,5.062219,0.000000,0.000000,5.000000,0.107711,0
1784320422.810587,FIXED400,TRACKING,400,27.431611,50.636285,0.040681,-0.070027,5.063808,0.000000,0.000000,5.000000,0.103103,0
1784320422.860579,FIXED400,TRACKING,400,26.315149,41.989315,0.037072,-0.047047,5.070676,0.000000,0.000000,5.000000,0.092644,0
1784320422.910589,FIXED400,TRACKING,400,26.879765,50.503943,0.035202,-0.037397,5.072794,0.000000,0.000000,5.000000,0.089088,0
1784320422.960569,FIXED400,TRACKING,400,26.270860,42.008234,0.032199,-0.014470,5.077045,0.000000,0.000000,5.000000,0.084747,0
1784320423.010695,FIXED400,TRACKING,400,27.581656,51.365035,0.030637,-0.003365,5.077785,0.000000,0.000000,5.000000,0.083669,0
1784320423.060582,FIXED400,TRACKING,400,26.552449,42.335577,0.024803,0.023719,5.076451,0.000000,0.000000,5.000000,0.083801,0
1784320423.110581,FIXED400,TRACKING,400,26.527022,49.873982,0.021182,0.036846,5.076707,0.000000,0.000000,5.000000,0.087694,0
1784320423.160580,FIXED400,TRACKING,400,26.175565,41.867816,0.014377,0.060928,5.075986,0.000000,0.000000,5.000000,0.098452,0
1784320423.210699,FIXED400,TRACKING,400,27.885013,51.759082,0.011125,0.071937,5.079334,0.000000,0.000000,5.000000,0.107669,0
1784320423.260690,FIXED400,TRACKING,400,26.993505,42.741896,0.004405,0.094378,5.088651,0.000000,0.000000,5.000000,0.129559,0
1784320423.310588,FIXED400,TRACKING,400,26.836882,49.605640,0.002462,0.102747,5.092814,0.000000,0.000000,5.000000,0.138483,0
1784320423.360701,FIXED400,TRACKING,400,26.533274,42.407470,-0.000038,0.116627,5.100139,0.000000,0.000000,5.000000,0.153720,0
1784320423.410593,FIXED400,TRACKING,400,27.931395,51.222777,-0.001254,0.122745,5.101310,0.000000,0.000000,5.000000,0.159159,0
1784320423.460577,FIXED400,TRACKING,400,25.777974,41.391428,-0.005994,0.132667,5.101363,0.000000,0.000000,5.000000,0.167065,0
1784320423.510590,FIXED400,TRACKING,400,27.366687,51.528243,-0.008109,0.136235,5.099186,0.000000,0.000000,5.000000,0.168712,0
1784320423.560583,FIXED400,TRACKING,400,26.549696,42.247914,-0.011561,0.141756,5.093054,0.000000,0.000000,5.000000,0.169963,0
1784320423.610681,FIXED400,TRACKING,400,26.787838,50.260332,-0.012748,0.143594,5.088724,0.000000,0.000000,5.000000,0.169274,0
1784320423.660574,FIXED400,TRACKING,400,24.609847,40.179898,-0.014827,0.145641,5.080631,0.000000,0.000000,5.000000,0.167131,0
1784320423.710593,FIXED400,TRACKING,400,27.563764,52.894681,-0.016201,0.145373,5.079920,0.000000,0.000000,5.000000,0.166682,0
1784320423.760679,FIXED400,TRACKING,400,26.554987,42.402425,-0.018522,0.143396,5.074098,0.000000,0.000000,5.000000,0.162469,0
1784320423.810596,FIXED400,TRACKING,400,27.113538,50.404545,-0.018600,0.141100,5.073120,0.000000,0.000000,5.000000,0.160005,0
1784320423.860584,FIXED400,TRACKING,400,26.268349,41.961531,-0.012513,0.131508,5.076685,0.000000,0.000000,5.000000,0.152746,0
1784320423.910701,FIXED400,TRACKING,400,27.926303,51.705932,-0.010071,0.126850,5.076835,0.000000,0.000000,5.000000,0.148648,0
1784320423.960584,FIXED400,TRACKING,400,25.763893,41.456995,-0.005780,0.116215,5.077885,0.000000,0.000000,5.000000,0.140019,0
1784320424.010697,FIXED400,TRACKING,400,28.147106,52.425561,-0.003896,0.110777,5.076852,0.000000,0.000000,5.000000,0.134881,0
1784320424.060704,FIXED400,TRACKING,400,26.649732,42.534446,-0.002068,0.099666,5.069307,0.000000,0.000000,5.000000,0.121413,0
1784320424.110596,FIXED400,TRACKING,400,26.284436,49.437678,-0.002348,0.095182,5.064390,0.000000,0.000000,5.000000,0.114940,0
1784320424.160685,FIXED400,TRACKING,400,27.468739,43.267731,-0.002760,0.085267,5.052907,0.000000,0.000000,5.000000,0.100386,0
1784320424.210694,FIXED400,TRACKING,400,27.056770,49.530553,-0.001916,0.079040,5.050113,0.000000,0.000000,5.000000,0.093607,0
1784320424.260586,FIXED400,TRACKING,400,27.256497,43.037139,-0.000051,0.064297,5.040181,0.000000,0.000000,5.000000,0.075819,0
1784320424.310695,FIXED400,TRACKING,400,27.148956,49.909466,0.000221,0.056923,5.034990,0.000000,0.000000,5.000000,0.066818,0
1784320424.360590,FIXED400,TRACKING,400,26.977213,42.754714,0.000057,0.041789,5.025559,0.000000,0.000000,5.000000,0.048986,0
1784320424.410693,FIXED400,TRACKING,400,27.125724,50.187320,0.000152,0.034498,5.021603,0.000000,0.000000,5.000000,0.040704,0
1784320424.460695,FIXED400,TRACKING,400,27.206058,42.989288,-0.001017,0.018168,5.016420,0.000000,0.000000,5.000000,0.024510,0
1784320424.510580,FIXED400,TRACKING,400,26.864254,49.471696,-0.001716,0.011005,5.014295,0.000000,0.000000,5.000000,0.018122,0
1784320424.560690,FIXED400,TRACKING,400,27.571655,43.314563,-0.004070,-0.002680,5.009550,0.000000,0.000000,5.000000,0.010721,0
1784320424.610704,FIXED400,TRACKING,400,26.851252,49.215102,-0.005950,-0.009158,5.007828,0.000000,0.000000,5.000000,0.013437,0
1784320424.660592,FIXED400,TRACKING,400,26.873914,42.619431,-0.009568,-0.022689,5.006967,0.000000,0.000000,5.000000,0.025591,0
1784320424.710599,FIXED400,TRACKING,400,26.818488,49.870750,-0.010975,-0.027425,5.009394,0.000000,0.000000,5.000000,0.030997,0
1784320424.760593,FIXED400,TRACKING,400,26.562454,42.214295,-0.013518,-0.036325,5.013472,0.000000,0.000000,5.000000,0.041033,0
1784320424.810705,FIXED400,TRACKING,400,27.491982,50.961759,-0.014238,-0.040452,5.017045,0.000000,0.000000,5.000000,0.046148,0
1784320424.860589,FIXED400,TRACKING,400,26.228570,41.919130,-0.013087,-0.048925,5.033970,0.000000,0.000000,5.000000,0.060982,0
1784320424.910686,FIXED400,TRACKING,400,26.319265,50.116214,-0.012588,-0.052271,5.041009,0.000000,0.000000,5.000000,0.067620,0
1784320424.960690,FIXED400,TRACKING,400,27.768905,43.620881,-0.012762,-0.059235,5.053236,0.000000,0.000000,5.000000,0.080658,0
1784320425.010582,FIXED400,TRACKING,400,26.149647,48.202267,-0.012738,-0.062501,5.058151,0.000000,0.000000,5.000000,0.086314,0
1784320425.060584,FIXED400,TRACKING,400,27.069028,42.723717,-0.012878,-0.069822,5.067916,0.000000,0.000000,5.000000,0.098252,0
1784320425.110589,FIXED400,TRACKING,400,26.845335,49.677177,-0.013204,-0.072980,5.071469,0.000000,0.000000,5.000000,0.102996,0
1784320425.160595,FIXED400,TRACKING,400,26.933051,42.697721,-0.013893,-0.077922,5.073827,0.000000,0.000000,5.000000,0.108237,0
1784320425.210598,FIXED400,TRACKING,400,26.555960,49.560471,-0.013570,-0.075988,5.075818,0.000000,0.000000,5.000000,0.108198,0
1784320425.260589,FIXED400,TRACKING,400,27.417731,43.139018,-0.013034,-0.071448,5.076816,0.000000,0.000000,5.000000,0.105714,0
1784320425.310708,FIXED400,TRACKING,400,26.560110,49.143560,-0.013258,-0.068644,5.078294,0.000000,0.000000,5.000000,0.104965,0
1784320425.360595,FIXED400,TRACKING,400,26.704929,42.382969,-0.014140,-0.061573,5.080480,0.000000,0.000000,5.000000,0.102314,0
1784320425.410600,FIXED400,TRACKING,400,27.567533,50.806318,-0.014222,-0.058000,5.080180,0.000000,0.000000,5.000000,0.099975,0
1784320425.460595,FIXED400,TRACKING,400,26.616714,42.334111,-0.012014,-0.048355,5.077815,0.000000,0.000000,5.000000,0.092400,0
1784320425.510704,FIXED400,TRACKING,400,27.747116,51.167486,-0.010720,-0.043905,5.075487,0.000000,0.000000,5.000000,0.087982,0
1784320425.560592,FIXED400,TRACKING,400,26.283751,42.036102,-0.006910,-0.033463,5.072381,0.000000,0.000000,5.000000,0.080040,0
1784320425.610600,FIXED400,TRACKING,400,27.468768,51.125207,-0.004102,-0.027156,5.071039,0.000000,0.000000,5.000000,0.076163,0
1784320425.660596,FIXED400,TRACKING,400,26.490865,42.218475,0.001610,-0.013240,5.064259,0.000000,0.000000,5.000000,0.065629,0
1784320425.710606,FIXED400,TRACKING,400,27.524409,50.962021,0.004587,-0.006669,5.063455,0.000000,0.000000,5.000000,0.063969,0
1784320425.760608,FIXED400,TRACKING,400,27.174224,42.855892,0.010194,0.006218,5.063707,0.000000,0.000000,5.000000,0.064816,0
1784320425.810696,FIXED400,TRACKING,400,27.465006,50.295226,0.012852,0.011917,5.065790,0.000000,0.000000,5.000000,0.068085,0
1784320425.860598,FIXED400,TRACKING,400,26.889349,42.686174,0.019048,0.021272,5.067688,0.000000,0.000000,5.000000,0.073464,0
1784320425.910716,FIXED400,TRACKING,400,27.241284,50.406298,0.021536,0.025214,5.066130,0.000000,0.000000,5.000000,0.073978,0
1784320425.960692,FIXED400,TRACKING,400,26.980939,42.718008,0.026968,0.032460,5.061248,0.000000,0.000000,5.000000,0.074379,0
1784320426.010690,FIXED400,TRACKING,400,26.997555,49.956183,0.029378,0.035634,5.058948,0.000000,0.000000,5.000000,0.074885,0
1784320426.060600,FIXED400,TRACKING,400,27.196700,42.869986,0.034781,0.040884,5.053144,0.000000,0.000000,5.000000,0.075535,0
1784320426.110583,FIXED400,TRACKING,400,25.468419,48.155735,0.037413,0.042395,5.049010,0.000000,0.000000,5.000000,0.074827,0
1784320426.160601,FIXED400,TRACKING,400,27.465870,43.096565,0.042214,0.044544,5.038164,0.000000,0.000000,5.000000,0.072268,0
1784320426.210588,FIXED400,TRACKING,400,25.889241,48.346624,0.045421,0.045644,5.033551,0.000000,0.000000,5.000000,0.072609,0
1784320426.260595,FIXED400,TRACKING,400,27.345400,43.056405,0.051747,0.046862,5.025904,0.000000,0.000000,5.000000,0.074464,0
1784320426.310596,FIXED400,TRACKING,400,27.178632,49.723291,0.054193,0.047434,5.024380,0.000000,0.000000,5.000000,0.076035,0
1784320426.360599,FIXED400,TRACKING,400,27.276906,43.071822,0.058347,0.048661,5.021677,0.000000,0.000000,5.000000,0.079008,0
1784320426.410609,FIXED400,TRACKING,400,27.314642,49.989176,0.060045,0.048919,5.019132,0.000000,0.000000,5.000000,0.079778,0
1784320426.460593,FIXED400,TRACKING,400,26.751139,42.519611,0.061653,0.049808,5.010609,0.000000,0.000000,5.000000,0.079965,0
1784320426.510731,FIXED400,TRACKING,400,27.142434,50.457032,0.061818,0.049901,5.005361,0.000000,0.000000,5.000000,0.079626,0
1784320426.560731,FIXED400,TRACKING,400,27.662371,43.518191,0.060272,0.048595,4.999332,0.000000,0.000000,5.000000,0.077425,0
1784320426.610624,FIXED400,TRACKING,400,26.160232,48.328373,0.058411,0.047193,4.999818,0.000000,0.000000,5.000000,0.075094,0
1784320426.660611,FIXED400,TRACKING,400,26.786378,42.539320,0.052541,0.043308,5.001640,0.000000,0.000000,5.000000,0.068109,0
1784320426.710602,FIXED400,TRACKING,400,27.320093,50.431036,0.046481,0.039702,5.004132,0.000000,0.000000,5.000000,0.061268,0
1784320426.760603,FIXED400,TRACKING,400,26.449468,42.163991,0.034889,0.032621,5.008560,0.000000,0.000000,5.000000,0.048525,0
1784320426.810607,FIXED400,TRACKING,400,26.958796,50.438200,0.029088,0.029334,5.010834,0.000000,0.000000,5.000000,0.042708,0
1784320426.860599,FIXED400,TRACKING,400,26.524797,42.233389,0.015171,0.022182,5.018546,0.000000,0.000000,5.000000,0.032652,0
1784320426.910604,FIXED400,TRACKING,400,26.967090,50.381366,0.009216,0.019018,5.020802,0.000000,0.000000,5.000000,0.029654,0
1784320426.960607,FIXED400,TRACKING,400,26.974619,42.789456,-0.004489,0.014590,5.023266,0.000000,0.000000,5.000000,0.027827,0
1784320427.010612,FIXED400,TRACKING,400,27.239140,50.201611,-0.011245,0.012496,5.025284,0.000000,0.000000,5.000000,0.030363,0
1784320427.060716,FIXED400,TRACKING,400,27.341721,43.183782,-0.026728,0.006632,5.033395,0.000000,0.000000,5.000000,0.043285,0
1784320427.110725,FIXED400,TRACKING,400,27.212971,49.767222,-0.033659,0.003436,5.037741,0.000000,0.000000,5.000000,0.050686,0
1784320427.160605,FIXED400,TRACKING,400,26.431518,42.222160,-0.045996,-0.002689,5.044105,0.000000,0.000000,5.000000,0.063781,0
1784320427.210727,FIXED400,TRACKING,400,28.015452,51.640007,-0.052636,-0.007052,5.048513,0.000000,0.000000,5.000000,0.071930,0
1784320427.260592,FIXED400,TRACKING,400,26.409207,42.084617,-0.065686,-0.015922,5.055682,0.000000,0.000000,5.000000,0.087571,0
1784320427.310643,FIXED400,TRACKING,400,27.464612,51.002548,-0.070854,-0.019675,5.055981,0.000000,0.000000,5.000000,0.092419,0
1784320427.360720,FIXED400,TRACKING,400,27.345581,43.131623,-0.080342,-0.027106,5.054375,0.000000,0.000000,5.000000,0.100728,0
1784320427.410612,FIXED400,TRACKING,400,27.518280,49.999662,-0.084546,-0.030513,5.052285,0.000000,0.000000,5.000000,0.103985,0
1784320427.460606,FIXED400,TRACKING,400,26.617868,42.306305,-0.088146,-0.040435,5.044163,0.000000,0.000000,5.000000,0.106561,0
1784320427.510715,FIXED400,TRACKING,400,27.844396,51.266836,-0.088681,-0.044499,5.042021,0.000000,0.000000,5.000000,0.107750,0
1784320427.560606,FIXED400,TRACKING,400,26.422262,42.128099,-0.088388,-0.051913,5.037644,0.000000,0.000000,5.000000,0.109199,0
1784320427.610615,FIXED400,TRACKING,400,27.758988,51.278542,-0.087430,-0.055434,5.035342,0.000000,0.000000,5.000000,0.109389,0
1784320427.660720,FIXED400,TRACKING,400,26.935474,42.811222,-0.083552,-0.062941,5.027363,0.000000,0.000000,5.000000,0.108126,0
1784320427.710611,FIXED400,TRACKING,400,26.492333,49.376334,-0.080216,-0.067021,5.026272,0.000000,0.000000,5.000000,0.107781,0
1784320427.760611,FIXED400,TRACKING,400,27.492326,43.270356,-0.072960,-0.073763,5.025897,0.000000,0.000000,5.000000,0.106933,0
1784320427.810724,FIXED400,TRACKING,400,27.379710,49.932191,-0.068821,-0.076581,5.026486,0.000000,0.000000,5.000000,0.106313,0
1784320427.860608,FIXED400,TRACKING,400,26.747478,42.550696,-0.057259,-0.082034,5.032808,0.000000,0.000000,5.000000,0.105283,0
1784320427.910616,FIXED400,TRACKING,400,27.390234,50.585228,-0.052130,-0.083636,5.034316,0.000000,0.000000,5.000000,0.104355,0
1784320427.960609,FIXED400,TRACKING,400,26.847986,42.588759,-0.042432,-0.083243,5.042799,0.000000,0.000000,5.000000,0.102770,0
1784320428.010616,FIXED400,TRACKING,400,27.226542,50.321530,-0.037472,-0.082502,5.046484,0.000000,0.000000,5.000000,0.101841,0
1784320428.060647,FIXED400,TRACKING,400,27.038383,42.784690,-0.028030,-0.080790,5.055141,0.000000,0.000000,5.000000,0.101750,0
1784320428.110611,FIXED400,TRACKING,400,27.037513,49.874441,-0.024598,-0.080009,5.059880,0.000000,0.000000,5.000000,0.102918,0
1784320428.160613,FIXED400,TRACKING,400,27.144120,42.916300,-0.017324,-0.077626,5.065432,0.000000,0.000000,5.000000,0.102991,0
1784320428.210622,FIXED400,TRACKING,400,27.375359,50.171152,-0.014470,-0.076321,5.068900,0.000000,0.000000,5.000000,0.103834,0
1784320428.260628,FIXED400,TRACKING,400,27.274938,43.085297,-0.008017,-0.072472,5.074718,0.000000,0.000000,5.000000,0.104400,0
1784320428.310674,FIXED400,TRACKING,400,27.052273,49.718747,-0.005608,-0.068824,5.077021,0.000000,0.000000,5.000000,0.103443,0
1784320428.360610,FIXED400,TRACKING,400,26.772144,42.402728,-0.001593,-0.058339,5.077488,0.000000,0.000000,5.000000,0.097008,0
1784320428.410731,FIXED400,TRACKING,400,27.503474,50.778512,0.000578,-0.053019,5.075158,0.000000,0.000000,5.000000,0.091979,0
1784320428.460611,FIXED400,TRACKING,400,26.908165,42.652756,0.007482,-0.039975,5.070926,0.000000,0.000000,5.000000,0.081759,0
1784320428.510618,FIXED400,TRACKING,400,26.919396,49.943755,0.010769,-0.034234,5.068329,0.000000,0.000000,5.000000,0.077180,0
1784320428.560613,FIXED400,TRACKING,400,26.959504,42.672219,0.017294,-0.024927,5.061474,0.000000,0.000000,5.000000,0.068553,0
1784320428.610616,FIXED400,TRACKING,400,27.322198,50.291672,0.020466,-0.021708,5.058175,0.000000,0.000000,5.000000,0.065379,0
1784320428.660612,FIXED400,TRACKING,400,27.004197,42.756299,0.026923,-0.014591,5.049694,0.000000,0.000000,5.000000,0.058371,0
1784320428.710613,FIXED400,TRACKING,400,26.560414,49.476938,0.030667,-0.013449,5.044270,0.000000,0.000000,5.000000,0.055508,0
1784320428.760619,FIXED400,TRACKING,400,27.145928,42.875138,0.037460,-0.010529,5.033081,0.000000,0.000000,5.000000,0.051073,0
1784320428.810613,FIXED400,TRACKING,400,27.072077,49.843767,0.040354,-0.008846,5.027888,0.000000,0.000000,5.000000,0.049844,0
1784320428.860614,FIXED400,TRACKING,400,26.687586,42.321716,0.045260,-0.004809,5.015773,0.000000,0.000000,5.000000,0.048171,0
1784320428.910725,FIXED400,TRACKING,400,28.080634,51.432807,0.047243,-0.003064,5.011108,0.000000,0.000000,5.000000,0.048628,0
1784320428.960728,FIXED400,TRACKING,400,26.181801,42.063977,0.050257,-0.003834,5.003232,0.000000,0.000000,5.000000,0.050507,0
1784320429.010716,FIXED400,TRACKING,400,27.753344,51.495475,0.051453,-0.004114,4.998463,0.000000,0.000000,5.000000,0.051640,0
1784320429.060614,FIXED400,TRACKING,400,26.413826,42.176934,0.053282,-0.003640,4.989365,0.000000,0.000000,5.000000,0.054455,0
1784320429.110720,FIXED400,TRACKING,400,27.492997,51.086327,0.053568,-0.003124,4.986679,0.000000,0.000000,5.000000,0.055288,0
1784320429.160611,FIXED400,TRACKING,400,26.205632,41.870158,0.052916,-0.001935,4.982283,0.000000,0.000000,5.000000,0.055836,0
1784320429.210732,FIXED400,TRACKING,400,27.762467,51.616298,0.050453,-0.001621,4.983386,0.000000,0.000000,5.000000,0.053143,0
1784320429.260603,FIXED400,TRACKING,400,26.695722,42.238103,0.044175,-0.000724,4.984335,0.000000,0.000000,5.000000,0.046876,0
1784320429.310740,FIXED400,TRACKING,400,27.510207,50.845522,0.040677,0.000273,4.986619,0.000000,0.000000,5.000000,0.042822,0
1784320429.360601,FIXED400,TRACKING,400,26.473483,42.148727,0.032781,0.003088,4.991514,0.000000,0.000000,5.000000,0.034003,0
1784320429.410620,FIXED400,TRACKING,400,27.230448,50.707932,0.028925,0.004258,4.993965,0.000000,0.000000,5.000000,0.029854,0
1784320429.460617,FIXED400,TRACKING,400,26.989225,42.735732,0.019913,0.003271,5.001273,0.000000,0.000000,5.000000,0.020220,0
1784320429.510616,FIXED400,TRACKING,400,26.664865,49.606031,0.015898,0.002448,5.004215,0.000000,0.000000,5.000000,0.016628,0
1784320429.560715,FIXED400,TRACKING,400,27.468579,43.320995,0.010236,-0.000720,5.010649,0.000000,0.000000,5.000000,0.014788,0
1784320429.610615,FIXED400,TRACKING,400,26.579276,48.938532,0.009093,-0.003486,5.013998,0.000000,0.000000,5.000000,0.017052,0
1784320429.660713,FIXED400,TRACKING,400,27.203479,43.096426,0.006055,-0.008731,5.020298,0.000000,0.000000,5.000000,0.022911,0
1784320429.710614,FIXED400,TRACKING,400,26.482428,49.101605,0.005090,-0.010507,5.024677,0.000000,0.000000,5.000000,0.027299,0
1784320429.760618,FIXED400,TRACKING,400,26.806654,42.532257,0.003049,-0.013449,5.029691,0.000000,0.000000,5.000000,0.032737,0
1784320429.810621,FIXED400,TRACKING,400,26.816350,49.937702,0.001966,-0.015302,5.032855,0.000000,0.000000,5.000000,0.036296,0
1784320429.860621,FIXED400,TRACKING,400,27.051958,42.823348,-0.000352,-0.023038,5.042958,0.000000,0.000000,5.000000,0.048747,0
1784320429.910729,FIXED400,TRACKING,400,27.334434,50.321408,-0.001178,-0.026083,5.045863,0.000000,0.000000,5.000000,0.052775,0
1784320429.960619,FIXED400,TRACKING,400,26.515960,42.252933,-0.001735,-0.034859,5.047832,0.000000,0.000000,5.000000,0.059212,0
1784320430.010623,FIXED400,TRACKING,400,27.288134,50.704059,-0.001974,-0.039012,5.047995,0.000000,0.000000,5.000000,0.061882,0
1784320430.060625,FIXED400,TRACKING,400,26.518068,42.225427,-0.002831,-0.048758,5.048536,0.000000,0.000000,5.000000,0.068856,0
1784320430.110606,FIXED400,TRACKING,400,24.598935,47.955466,-0.003183,-0.053320,5.048867,0.000000,0.000000,5.000000,0.072396,0
1784320430.160619,FIXED400,TRACKING,400,27.555972,43.319750,-0.003360,-0.061145,5.046301,0.000000,0.000000,5.000000,0.076771,0
1784320430.210593,FIXED400,TRACKING,400,25.804522,48.152618,-0.002677,-0.063969,5.041574,0.000000,0.000000,5.000000,0.076339,0
1784320430.260612,FIXED400,TRACKING,400,27.370584,43.115640,-0.001328,-0.068493,5.029913,0.000000,0.000000,5.000000,0.074752,0
1784320430.310726,FIXED400,TRACKING,400,27.114195,49.758654,-0.001743,-0.070635,5.025759,0.000000,0.000000,5.000000,0.075205,0
1784320430.360623,FIXED400,TRACKING,400,26.813078,42.606159,-0.004061,-0.075065,5.018916,0.000000,0.000000,5.000000,0.077518,0
1784320430.410630,FIXED400,TRACKING,400,27.315200,50.448922,-0.004936,-0.076618,5.013451,0.000000,0.000000,5.000000,0.077946,0
1784320430.460628,FIXED400,TRACKING,400,26.595344,42.310697,-0.007287,-0.078743,5.006223,0.000000,0.000000,5.000000,0.079324,0
1784320430.510751,FIXED400,TRACKING,400,27.448253,50.901071,-0.008213,-0.078926,5.003019,0.000000,0.000000,5.000000,0.079409,0
1784320430.560622,FIXED400,TRACKING,400,26.881958,42.655625,-0.009189,-0.079395,4.995583,0.000000,0.000000,5.000000,0.080047,0
1784320430.610745,FIXED400,TRACKING,400,27.034528,50.203805,-0.009099,-0.080147,4.992280,0.000000,0.000000,5.000000,0.081030,0
1784320430.660713,FIXED400,TRACKING,400,25.629785,41.198662,-0.008296,-0.079933,4.992782,0.000000,0.000000,5.000000,0.080686,0
1784320430.710627,FIXED400,TRACKING,400,27.680769,51.886622,-0.007008,-0.079163,4.995840,0.000000,0.000000,5.000000,0.079581,0
1784320430.760624,FIXED400,TRACKING,400,26.744209,42.524839,-0.004793,-0.076978,5.000285,0.000000,0.000000,5.000000,0.077128,0
1784320430.810642,FIXED400,TRACKING,400,27.075884,50.280521,-0.003410,-0.076199,5.001869,0.000000,0.000000,5.000000,0.076298,0
1784320430.860618,FIXED400,TRACKING,400,26.570636,42.352804,0.001820,-0.077349,5.012136,0.000000,0.000000,5.000000,0.078317,0
1784320430.910743,FIXED400,TRACKING,400,28.129681,51.609890,0.003797,-0.077095,5.016301,0.000000,0.000000,5.000000,0.078891,0
1784320430.960756,FIXED400,TRACKING,400,27.240763,43.023643,0.008292,-0.071386,5.022099,0.000000,0.000000,5.000000,0.075187,0
1784320431.010735,FIXED400,TRACKING,400,27.452536,50.124422,0.010136,-0.067968,5.023579,0.000000,0.000000,5.000000,0.072652,0
1784320431.060616,FIXED400,TRACKING,400,25.238408,40.931822,0.013526,-0.058130,5.030814,0.000000,0.000000,5.000000,0.067169,0
1784320431.110632,FIXED400,TRACKING,400,27.184201,51.855016,0.014845,-0.052837,5.035429,0.000000,0.000000,5.000000,0.065325,0
1784320431.160758,FIXED400,TRACKING,400,27.464362,43.269030,0.017396,-0.041893,5.043185,0.000000,0.000000,5.000000,0.062630,0
1784320431.210614,FIXED400,TRACKING,400,25.525807,47.859754,0.017911,-0.038467,5.046094,0.000000,0.000000,5.000000,0.062651,0
1784320431.260660,FIXED400,TRACKING,400,26.130136,41.851712,0.019178,-0.029761,5.050040,0.000000,0.000000,5.000000,0.061299,0
1784320431.310726,FIXED400,TRACKING,400,26.993308,50.822698,0.019289,-0.026232,5.051051,0.000000,0.000000,5.000000,0.060551,0
1784320431.360732,FIXED400,TRACKING,400,27.401116,43.283186,0.018571,-0.020012,5.051537,0.000000,0.000000,5.000000,0.058322,0
1784320431.410726,FIXED400,TRACKING,400,27.417027,49.942999,0.018184,-0.016551,5.051816,0.000000,0.000000,5.000000,0.057354,0
1784320431.460627,FIXED400,TRACKING,400,26.573555,42.303373,0.017120,-0.005866,5.057083,0.000000,0.000000,5.000000,0.059883,0
1784320431.510630,FIXED400,TRACKING,400,27.259499,50.619644,0.016495,-0.000953,5.059171,0.000000,0.000000,5.000000,0.061435,0
1784320431.560613,FIXED400,TRACKING,400,27.656020,43.456334,0.014527,0.009443,5.063615,0.000000,0.000000,5.000000,0.065932,0
1784320431.610630,FIXED400,TRACKING,400,26.557414,48.816623,0.013329,0.015159,5.066044,0.000000,0.000000,5.000000,0.069060,0
1784320431.660620,FIXED400,TRACKING,400,24.676359,40.494284,0.010676,0.027064,5.069166,0.000000,0.000000,5.000000,0.075036,0
1784320431.710768,FIXED400,TRACKING,400,28.614924,54.011289,0.008376,0.031295,5.071564,0.000000,0.000000,5.000000,0.078555,0
1784320431.760624,FIXED400,TRACKING,400,26.174739,41.983492,0.004398,0.039224,5.072900,0.000000,0.000000,5.000000,0.082899,0
1784320431.810635,FIXED400,TRACKING,400,27.475343,51.237905,0.002563,0.042818,5.069808,0.000000,0.000000,5.000000,0.081934,0
1784320431.860749,FIXED400,TRACKING,400,26.774490,42.657350,-0.001813,0.049233,5.057452,0.000000,0.000000,5.000000,0.075683,0
1784320431.910725,FIXED400,TRACKING,400,29.347684,52.480732,-0.003487,0.051607,5.052318,0.000000,0.000000,5.000000,0.073570,0
1784320431.960625,FIXED400,TRACKING,400,25.146641,40.938127,-0.007644,0.055613,5.043552,0.000000,0.000000,5.000000,0.071049,0
1784320432.010637,FIXED400,TRACKING,400,27.538924,52.342050,-0.009584,0.057348,5.038697,0.000000,0.000000,5.000000,0.069843,0
1784320432.060632,FIXED400,TRACKING,400,26.512743,42.294777,-0.013816,0.061385,5.031813,0.000000,0.000000,5.000000,0.070506,0
1784320432.110630,FIXED400,TRACKING,400,26.946272,50.317490,-0.015647,0.063305,5.029524,0.000000,0.000000,5.000000,0.071582,0
1784320432.160633,FIXED400,TRACKING,400,27.694732,43.484065,-0.019149,0.066666,5.023217,0.000000,0.000000,5.000000,0.073145,0
1784320432.210638,FIXED400,TRACKING,400,26.785234,49.010805,-0.020212,0.069080,5.021681,0.000000,0.000000,5.000000,0.075170,0
1784320432.260756,FIXED400,TRACKING,400,27.119576,42.943225,-0.022253,0.073417,5.017106,0.000000,0.000000,5.000000,0.078599,0
1784320432.310636,FIXED400,TRACKING,400,27.279287,49.923922,-0.023069,0.074082,5.017049,0.000000,0.000000,5.000000,0.079442,0
1784320432.360631,FIXED400,TRACKING,400,26.314145,42.154476,-0.024198,0.073313,5.017211,0.000000,0.000000,5.000000,0.079099,0
1784320432.410635,FIXED400,TRACKING,400,26.980829,50.607565,-0.024396,0.072696,5.014331,0.000000,0.000000,5.000000,0.078008,0
1784320432.460632,FIXED400,TRACKING,400,27.078524,42.869592,-0.026505,0.073205,5.010327,0.000000,0.000000,5.000000,0.078537,0
1784320432.510762,FIXED400,TRACKING,400,27.461295,50.448913,-0.027330,0.073028,5.009226,0.000000,0.000000,5.000000,0.078519,0
1784320432.560633,FIXED400,TRACKING,400,26.546346,42.311513,-0.028039,0.070806,5.006992,0.000000,0.000000,5.000000,0.076476,0
1784320432.610632,FIXED400,TRACKING,400,26.772207,50.153174,-0.027826,0.068528,5.006540,0.000000,0.000000,5.000000,0.074251,0
1784320432.660623,FIXED400,TRACKING,400,27.109976,42.772477,-0.026223,0.062572,5.007174,0.000000,0.000000,5.000000,0.068223,0
1784320432.710633,FIXED400,TRACKING,400,26.914169,49.736552,-0.024320,0.059328,5.010408,0.000000,0.000000,5.000000,0.064958,0
1784320432.760623,FIXED400,TRACKING,400,25.674048,41.416087,-0.020091,0.052669,5.017744,0.000000,0.000000,5.000000,0.059097,0
1784320432.810744,FIXED400,TRACKING,400,27.519060,51.897438,-0.018160,0.048926,5.021973,0.000000,0.000000,5.000000,0.056625,0
1784320432.860630,FIXED400,TRACKING,400,26.513456,42.270472,-0.016081,0.037886,5.033389,0.000000,0.000000,5.000000,0.052998,0
1784320432.910637,FIXED400,TRACKING,400,27.432319,50.856743,-0.014937,0.033014,5.036616,0.000000,0.000000,5.000000,0.051515,0
1784320432.960650,FIXED400,TRACKING,400,26.873428,42.705934,-0.007499,0.022356,5.038944,0.000000,0.000000,5.000000,0.045527,0
1784320433.010779,FIXED400,TRACKING,400,27.545786,50.731215,-0.003700,0.017006,5.038187,0.000000,0.000000,5.000000,0.041966,0
1784320433.060639,FIXED400,TRACKING,400,27.078751,42.885336,0.003116,0.004990,5.035359,0.000000,0.000000,5.000000,0.035845,0
1784320433.110636,FIXED400,TRACKING,400,27.104122,49.928658,0.005306,-0.000197,5.033033,0.000000,0.000000,5.000000,0.033457,0
1784320433.160631,FIXED400,TRACKING,400,27.197942,42.952106,0.009338,-0.009597,5.030380,0.000000,0.000000,5.000000,0.033200,0
1784320433.210628,FIXED400,TRACKING,400,26.706664,49.436092,0.010517,-0.015087,5.031415,0.000000,0.000000,5.000000,0.036402,0
1784320433.260634,FIXED400,TRACKING,400,26.867476,42.637033,0.013358,-0.026384,5.031126,0.000000,0.000000,5.000000,0.042934,0
1784320433.310655,FIXED400,TRACKING,400,26.818425,49.863512,0.015119,-0.031574,5.030384,0.000000,0.000000,5.000000,0.046354,0
1784320433.360639,FIXED400,TRACKING,400,26.641107,42.492938,0.019399,-0.042211,5.026406,0.000000,0.000000,5.000000,0.053436,0
1784320433.410760,FIXED400,TRACKING,400,27.393428,50.785900,0.021300,-0.047256,5.022884,0.000000,0.000000,5.000000,0.056661,0
1784320433.460636,FIXED400,TRACKING,400,26.663354,42.362832,0.022729,-0.055266,5.018816,0.000000,0.000000,5.000000,0.062650,0
1784320433.510619,FIXED400,TRACKING,400,23.920027,47.171392,0.023066,-0.058030,5.017412,0.000000,0.000000,5.000000,0.064828,0
1784320433.560752,FIXED400,TRACKING,400,28.187867,44.053740,0.021957,-0.062786,5.015325,0.000000,0.000000,5.000000,0.068257,0
1784320433.610640,FIXED400,TRACKING,400,26.593206,48.225948,0.020165,-0.064890,5.013602,0.000000,0.000000,5.000000,0.069299,0
1784320433.660643,FIXED400,TRACKING,400,26.824521,42.520818,0.016428,-0.067465,5.010724,0.000000,0.000000,5.000000,0.070259,0
1784320433.710762,FIXED400,TRACKING,400,27.407008,50.597129,0.014688,-0.067086,5.009799,0.000000,0.000000,5.000000,0.069371,0
1784320433.760638,FIXED400,TRACKING,400,27.059720,42.791827,0.011086,-0.065399,5.007949,0.000000,0.000000,5.000000,0.066807,0
1784320433.810668,FIXED400,TRACKING,400,26.898112,49.792124,0.009074,-0.063722,5.008073,0.000000,0.000000,5.000000,0.064869,0
1784320433.860638,FIXED400,TRACKING,400,27.411787,43.209430,0.004041,-0.057112,5.010393,0.000000,0.000000,5.000000,0.058191,0
1784320433.910770,FIXED400,TRACKING,400,27.059464,49.707440,0.001899,-0.053907,5.010691,0.000000,0.000000,5.000000,0.054989,0
1784320433.960639,FIXED400,TRACKING,400,26.574199,42.360689,-0.001081,-0.041776,5.014359,0.000000,0.000000,5.000000,0.044188,0
1784320434.010649,FIXED400,TRACKING,400,27.336742,50.711550,-0.002856,-0.033814,5.017303,0.000000,0.000000,5.000000,0.038091,0
1784320434.060647,FIXED400,TRACKING,400,26.617353,42.364269,-0.004298,-0.021363,5.023869,0.000000,0.000000,5.000000,0.032320,0
1784320434.110646,FIXED400,TRACKING,400,27.395820,50.660689,-0.004472,-0.015296,5.026666,0.000000,0.000000,5.000000,0.031065,0
1784320434.160640,FIXED400,TRACKING,400,26.738361,42.483421,-0.004745,-0.003676,5.030814,0.000000,0.000000,5.000000,0.031393,0
1784320434.210766,FIXED400,TRACKING,400,27.670555,50.981327,-0.003132,0.002244,5.032149,0.000000,0.000000,5.000000,0.032379,0
1784320434.260652,FIXED400,TRACKING,400,27.181108,42.979201,0.000233,0.015369,5.031703,0.000000,0.000000,5.000000,0.035233,0
1784320434.310754,FIXED400,TRACKING,400,27.685254,50.490832,0.001224,0.021049,5.030189,0.000000,0.000000,5.000000,0.036823,0
1784320434.360637,FIXED400,TRACKING,400,26.257744,42.018147,0.002069,0.032322,5.029439,0.000000,0.000000,5.000000,0.043769,0
1784320434.410654,FIXED400,TRACKING,400,27.514515,51.204150,0.002233,0.038035,5.030139,0.000000,0.000000,5.000000,0.048580,0
1784320434.460641,FIXED400,TRACKING,400,26.996226,42.756720,-0.001085,0.047951,5.026882,0.000000,0.000000,5.000000,0.054983,0
1784320434.510648,FIXED400,TRACKING,400,26.851227,49.792242,-0.002872,0.052139,5.024514,0.000000,0.000000,5.000000,0.057686,0
1784320434.560644,FIXED400,TRACKING,400,27.073914,42.841870,-0.006638,0.061471,5.021521,0.000000,0.000000,5.000000,0.065467,0
1784320434.610767,FIXED400,TRACKING,400,27.661730,50.629514,-0.008781,0.066685,5.020761,0.000000,0.000000,5.000000,0.070391,0
1784320434.660757,FIXED400,TRACKING,400,27.230597,43.162038,-0.013098,0.076905,5.018352,0.000000,0.000000,5.000000,0.080142,0
1784320434.710747,FIXED400,TRACKING,400,27.290006,49.969640,-0.015675,0.079331,5.018656,0.000000,0.000000,5.000000,0.082989,0
1784320434.760643,FIXED400,TRACKING,400,26.532925,42.332727,-0.020074,0.083319,5.017551,0.000000,0.000000,5.000000,0.087482,0
1784320434.810649,FIXED400,TRACKING,400,27.254165,50.657030,-0.021508,0.084374,5.017480,0.000000,0.000000,5.000000,0.088809,0
1784320434.860645,FIXED400,TRACKING,400,26.721857,42.429128,-0.021621,0.083081,5.019574,0.000000,0.000000,5.000000,0.088051,0
1784320434.910776,FIXED400,TRACKING,400,27.517715,50.851569,-0.021746,0.082289,5.020600,0.000000,0.000000,5.000000,0.087571,0
1784320434.960644,FIXED400,TRACKING,400,26.954044,42.708675,-0.022070,0.079523,5.025801,0.000000,0.000000,5.000000,0.086468,0
1784320435.010762,FIXED400,TRACKING,400,27.283435,50.373921,-0.021963,0.077550,5.026855,0.000000,0.000000,5.000000,0.084956,0
1784320435.060667,FIXED400,TRACKING,400,27.231303,42.892412,-0.022408,0.073365,5.026873,0.000000,0.000000,5.000000,0.081281,0
1784320435.110759,FIXED400,TRACKING,400,26.830591,49.598403,-0.022901,0.070732,5.027192,0.000000,0.000000,5.000000,0.079163,0
1784320435.160645,FIXED400,TRACKING,400,27.044926,42.790763,-0.023304,0.065072,5.026853,0.000000,0.000000,5.000000,0.074152,0
1784320435.210682,FIXED400,TRACKING,400,26.941063,49.867212,-0.023567,0.061800,5.027846,0.000000,0.000000,5.000000,0.071764,0
1784320435.260747,FIXED400,TRACKING,400,27.111928,42.929029,-0.023818,0.053815,5.028225,0.000000,0.000000,5.000000,0.065268,0
1784320435.310768,FIXED400,TRACKING,400,27.520768,50.322052,-0.024454,0.047779,5.026006,0.000000,0.000000,5.000000,0.059642,0
1784320435.360652,FIXED400,TRACKING,400,26.239114,41.894642,-0.026337,0.031788,5.020176,0.000000,0.000000,5.000000,0.045948,0
1784320435.410740,FIXED400,TRACKING,400,26.329985,50.112464,-0.026971,0.024178,5.018558,0.000000,0.000000,5.000000,0.040699,0
1784320435.460656,FIXED400,TRACKING,400,26.644851,42.355382,-0.028657,0.006492,5.021553,0.000000,0.000000,5.000000,0.036441,0
1784320435.510652,FIXED400,TRACKING,400,27.340879,50.619948,-0.029282,-0.001056,5.023520,0.000000,0.000000,5.000000,0.037573,0
1784320435.560647,FIXED400,TRACKING,400,26.527359,42.306899,-0.030351,-0.015264,5.025429,0.000000,0.000000,5.000000,0.042436,0
1784320435.610767,FIXED400,TRACKING,400,27.963992,51.486310,-0.031000,-0.021981,5.026239,0.000000,0.000000,5.000000,0.046180,0
1784320435.660643,FIXED400,TRACKING,400,26.473639,42.231747,-0.032220,-0.036687,5.028030,0.000000,0.000000,5.000000,0.056300,0
1784320435.710651,FIXED400,TRACKING,400,27.608177,51.059938,-0.034292,-0.043894,5.030385,0.000000,0.000000,5.000000,0.063449,0
1784320435.760748,FIXED400,TRACKING,400,27.157375,43.039855,-0.037344,-0.057119,5.033964,0.000000,0.000000,5.000000,0.076228,0
1784320435.810767,FIXED400,TRACKING,400,26.868182,49.656207,-0.038631,-0.063443,5.034864,0.000000,0.000000,5.000000,0.082054,0
1784320435.860649,FIXED400,TRACKING,400,27.052847,42.805872,-0.042341,-0.077986,5.033997,0.000000,0.000000,5.000000,0.095028,0
1784320435.910750,FIXED400,TRACKING,400,27.318414,50.297718,-0.043496,-0.083533,5.033023,0.000000,0.000000,5.000000,0.099801,0
1784320435.960650,FIXED400,TRACKING,400,26.889454,42.750781,-0.043159,-0.095477,5.028735,0.000000,0.000000,5.000000,0.108647,0
1784320436.010650,FIXED400,TRACKING,400,27.142298,50.188134,-0.042527,-0.100621,5.027051,0.000000,0.000000,5.000000,0.112538,0
1784320436.060665,FIXED400,TRACKING,400,26.512675,42.355911,-0.039254,-0.109050,5.027607,0.000000,0.000000,5.000000,0.119142,0
1784320436.110680,FIXED400,TRACKING,400,27.317911,50.718801,-0.036879,-0.111565,5.028297,0.000000,0.000000,5.000000,0.120862,0
1784320436.160650,FIXED400,TRACKING,400,26.348114,42.083126,-0.031610,-0.114584,5.028805,0.000000,0.000000,5.000000,0.122305,0
1784320436.210692,FIXED400,TRACKING,400,27.035173,50.660702,-0.029918,-0.115221,5.029877,0.000000,0.000000,5.000000,0.122734,0
1784320436.260681,FIXED400,TRACKING,400,26.340474,42.186695,-0.025513,-0.114930,5.028495,0.000000,0.000000,5.000000,0.121127,0
1784320436.310656,FIXED400,TRACKING,400,27.188853,50.728481,-0.022798,-0.113433,5.026034,0.000000,0.000000,5.000000,0.118594,0
1784320436.360658,FIXED400,TRACKING,400,26.828881,42.697523,-0.016363,-0.107923,5.021488,0.000000,0.000000,5.000000,0.111251,0
1784320436.410764,FIXED400,TRACKING,400,27.762580,50.971893,-0.013248,-0.104727,5.019009,0.000000,0.000000,5.000000,0.107259,0
1784320436.460649,FIXED400,TRACKING,400,26.229157,41.990681,-0.006924,-0.096365,5.017473,0.000000,0.000000,5.000000,0.098180,0
1784320436.510662,FIXED400,TRACKING,400,26.743855,50.451914,-0.004263,-0.092110,5.016111,0.000000,0.000000,5.000000,0.093605,0
1784320436.560656,FIXED400,TRACKING,400,26.897300,42.679765,-0.000961,-0.083077,5.012771,0.000000,0.000000,5.000000,0.084058,0
1784320436.610763,FIXED400,TRACKING,400,28.469815,51.610915,-0.000549,-0.078483,5.011684,0.000000,0.000000,5.000000,0.079349,0
1784320436.660651,FIXED400,TRACKING,400,26.045472,41.795865,0.001577,-0.066600,5.011589,0.000000,0.000000,5.000000,0.067619,0
1784320436.710674,FIXED400,TRACKING,400,27.363011,51.262304,0.002479,-0.059238,5.010877,0.000000,0.000000,5.000000,0.060279,0
1784320436.760757,FIXED400,TRACKING,400,26.854391,42.709722,0.004741,-0.044463,5.005990,0.000000,0.000000,5.000000,0.045115,0
1784320436.810663,FIXED400,TRACKING,400,27.354968,50.333547,0.006104,-0.037371,5.003678,0.000000,0.000000,5.000000,0.038045,0
1784320436.860655,FIXED400,TRACKING,400,27.036051,42.877228,0.010324,-0.022961,4.997260,0.000000,0.000000,5.000000,0.025324,0
1784320436.910659,FIXED400,TRACKING,400,27.041455,49.942854,0.012207,-0.016200,4.994323,0.000000,0.000000,5.000000,0.021064,0
1784320436.960651,FIXED400,TRACKING,400,26.295517,42.106792,0.015086,-0.006742,4.992065,0.000000,0.000000,5.000000,0.018330,0
1784320437.010659,FIXED400,TRACKING,400,27.474062,51.117699,0.016305,-0.002131,4.991884,0.000000,0.000000,5.000000,0.018338,0
1784320437.060659,FIXED400,TRACKING,400,26.565247,42.345956,0.018673,0.008354,4.992979,0.000000,0.000000,5.000000,0.021627,0
1784320437.110660,FIXED400,TRACKING,400,27.152278,50.475073,0.019454,0.013070,4.994463,0.000000,0.000000,5.000000,0.024082,0
1784320437.160655,FIXED400,TRACKING,400,27.222413,42.981461,0.021038,0.022390,4.997732,0.000000,0.000000,5.000000,0.030807,0
1784320437.210759,FIXED400,TRACKING,400,26.901593,49.719538,0.021286,0.025893,4.996467,0.000000,0.000000,5.000000,0.033705,0
1784320437.260754,FIXED400,TRACKING,400,27.320806,43.237203,0.021833,0.034092,4.993501,0.000000,0.000000,5.000000,0.041002,0
1784320437.310759,FIXED400,TRACKING,400,27.113636,49.664488,0.021990,0.036814,4.993218,0.000000,0.000000,5.000000,0.043414,0
1784320437.360698,FIXED400,TRACKING,400,27.236574,43.089157,0.021963,0.040564,4.995137,0.000000,0.000000,5.000000,0.046384,0
1784320437.410792,FIXED400,TRACKING,400,27.163917,49.951446,0.021792,0.042414,4.996404,0.000000,0.000000,5.000000,0.047820,0
1784320437.460661,FIXED400,TRACKING,400,26.825069,42.563576,0.017502,0.050361,5.001907,0.000000,0.000000,5.000000,0.053350,0
1784320437.510662,FIXED400,TRACKING,400,26.864916,49.967095,0.015215,0.053969,5.004296,0.000000,0.000000,5.000000,0.056237,0
1784320437.560678,FIXED400,TRACKING,400,27.112657,42.989551,0.009856,0.058648,5.009136,0.000000,0.000000,5.000000,0.060168,0
1784320437.610658,FIXED400,TRACKING,400,26.515012,49.311662,0.006397,0.059314,5.010607,0.000000,0.000000,5.000000,0.060594,0
1784320437.660662,FIXED400,TRACKING,400,26.918388,42.742263,-0.000790,0.060622,5.013282,0.000000,0.000000,5.000000,0.062065,0
1784320437.710663,FIXED400,TRACKING,400,27.404119,50.410586,-0.003226,0.061469,5.015481,0.000000,0.000000,5.000000,0.063471,0
1784320437.760658,FIXED400,TRACKING,400,26.806524,42.577139,-0.008059,0.062399,5.017041,0.000000,0.000000,5.000000,0.065184,0
1784320437.810664,FIXED400,TRACKING,400,27.322758,50.451717,-0.010565,0.062562,5.018153,0.000000,0.000000,5.000000,0.065993,0
1784320437.860755,FIXED400,TRACKING,400,26.097839,41.848588,-0.016290,0.062389,5.026573,0.000000,0.000000,5.000000,0.069741,0
1784320437.910768,FIXED400,TRACKING,400,27.897831,51.743405,-0.018488,0.061868,5.030662,0.000000,0.000000,5.000000,0.071482,0
1784320437.960778,FIXED400,TRACKING,400,26.352231,42.146071,-0.023177,0.055829,5.037356,0.000000,0.000000,5.000000,0.071060,0
1784320438.010806,FIXED400,TRACKING,400,27.490852,51.102503,-0.024380,0.053664,5.039187,0.000000,0.000000,5.000000,0.070780,0
1784320438.060684,FIXED400,TRACKING,400,25.979732,41.680724,-0.028680,0.048379,5.044508,0.000000,0.000000,5.000000,0.071722,0
1784320438.110657,FIXED400,TRACKING,400,26.136640,50.026665,-0.031037,0.046595,5.047464,0.000000,0.000000,5.000000,0.073398,0
1784320438.160663,FIXED400,TRACKING,400,27.000395,42.806872,-0.034940,0.042944,5.052144,0.000000,0.000000,5.000000,0.076052,0
1784320438.210668,FIXED400,TRACKING,400,27.067848,49.999766,-0.037045,0.041351,5.056674,0.000000,0.000000,5.000000,0.079336,0
1784320438.260696,FIXED400,TRACKING,400,26.574537,42.359371,-0.040930,0.037619,5.061208,0.000000,0.000000,5.000000,0.082685,0
1784320438.310658,FIXED400,TRACKING,400,26.576244,49.862237,-0.042049,0.034524,5.061935,0.000000,0.000000,5.000000,0.082438,0
1784320438.360664,FIXED400,TRACKING,400,27.465966,43.263121,-0.043119,0.025884,5.064506,0.000000,0.000000,5.000000,0.081793,0
1784320438.410661,FIXED400,TRACKING,400,26.658992,49.126660,-0.043292,0.021675,5.066058,0.000000,0.000000,5.000000,0.081900,0
1784320438.460665,FIXED400,TRACKING,400,26.870441,42.587651,-0.042450,0.006717,5.065171,0.000000,0.000000,5.000000,0.078067,0
1784320438.510667,FIXED400,TRACKING,400,27.019978,50.084087,-0.041675,0.000150,5.061654,0.000000,0.000000,5.000000,0.074418,0
1784320438.560663,FIXED400,TRACKING,400,27.323726,43.071482,-0.038536,-0.011063,5.053866,0.000000,0.000000,5.000000,0.067149,0
1784320438.610771,FIXED400,TRACKING,400,27.258758,49.972616,-0.036117,-0.015630,5.050302,0.000000,0.000000,5.000000,0.063867,0
1784320438.660784,FIXED400,TRACKING,400,26.556279,42.411414,-0.030216,-0.024586,5.040276,0.000000,0.000000,5.000000,0.056032,0
1784320438.710671,FIXED400,TRACKING,400,27.365920,50.623919,-0.026187,-0.028184,5.035488,0.000000,0.000000,5.000000,0.052340,0
1784320438.760662,FIXED400,TRACKING,400,26.110895,41.870295,-0.018601,-0.034435,5.026415,0.000000,0.000000,5.000000,0.047218,0
1784320438.810664,FIXED400,TRACKING,400,26.949717,50.763369,-0.014447,-0.037271,5.024350,0.000000,0.000000,5.000000,0.046805,0
1784320438.860765,FIXED400,TRACKING,400,26.208681,42.017917,-0.002117,-0.043347,5.023633,0.000000,0.000000,5.000000,0.049416,0
1784320438.910683,FIXED400,TRACKING,400,26.990483,50.622312,0.003296,-0.045649,5.022720,0.000000,0.000000,5.000000,0.051097,0
1784320438.960665,FIXED400,TRACKING,400,26.804995,42.634907,0.013136,-0.046223,5.018562,0.000000,0.000000,5.000000,0.051513,0
1784320439.010673,FIXED400,TRACKING,400,27.478509,50.614176,0.017843,-0.046181,5.015264,0.000000,0.000000,5.000000,0.051808,0
1784320439.060669,FIXED400,TRACKING,400,26.151906,42.008386,0.030490,-0.045459,5.007216,0.000000,0.000000,5.000000,0.055211,0
1784320439.110683,FIXED400,TRACKING,400,27.312153,51.060369,0.036974,-0.044867,5.005569,0.000000,0.000000,5.000000,0.058405,0
1784320439.160667,FIXED400,TRACKING,400,26.673993,42.487254,0.048329,-0.043473,5.005445,0.000000,0.000000,5.000000,0.065232,0
1784320439.210669,FIXED400,TRACKING,400,27.360599,50.623130,0.050471,-0.043329,5.007800,0.000000,0.000000,5.000000,0.066974,0
1784320439.260674,FIXED400,TRACKING,400,26.578818,42.424381,0.054204,-0.042427,5.012288,0.000000,0.000000,5.000000,0.069922,0
1784320439.310771,FIXED400,TRACKING,400,27.546526,50.974573,0.053761,-0.042211,5.013259,0.000000,0.000000,5.000000,0.069627,0
1784320439.360663,FIXED400,TRACKING,400,26.246683,42.048769,0.049480,-0.041809,5.013918,0.000000,0.000000,5.000000,0.066257,0
1784320439.410672,FIXED400,TRACKING,400,27.474800,51.176301,0.047400,-0.041365,5.014446,0.000000,0.000000,5.000000,0.064549,0
1784320439.460791,FIXED400,TRACKING,400,26.783828,42.591462,0.043062,-0.040121,5.013698,0.000000,0.000000,5.000000,0.060429,0
1784320439.510696,FIXED400,TRACKING,400,27.341822,50.401832,0.041073,-0.039348,5.013090,0.000000,0.000000,5.000000,0.058366,0
1784320439.560669,FIXED400,TRACKING,400,26.923951,42.739618,0.035828,-0.037531,5.011118,0.000000,0.000000,5.000000,0.053064,0
1784320439.610781,FIXED400,TRACKING,400,29.193185,52.309022,0.032413,-0.036424,5.009622,0.000000,0.000000,5.000000,0.049698,0
1784320439.660660,FIXED400,TRACKING,400,25.403993,41.145316,0.024940,-0.033038,5.006041,0.000000,0.000000,5.000000,0.041833,0
1784320439.710785,FIXED400,TRACKING,400,27.581800,52.228257,0.021393,-0.030885,5.004195,0.000000,0.000000,5.000000,0.037804,0
1784320439.760688,FIXED400,TRACKING,400,24.669100,40.380884,0.014829,-0.025654,5.000076,0.000000,0.000000,5.000000,0.029631,0
1784320439.810684,FIXED400,TRACKING,400,28.792029,54.037036,0.011730,-0.022750,4.998097,0.000000,0.000000,5.000000,0.025667,0
1784320439.860699,FIXED400,TRACKING,400,25.902944,41.719061,0.005321,-0.015787,4.991441,0.000000,0.000000,5.000000,0.018730,0
1784320439.910785,FIXED400,TRACKING,400,27.731914,51.844678,0.002844,-0.012867,4.987473,0.000000,0.000000,5.000000,0.018181,0
1784320439.960674,FIXED400,TRACKING,400,26.249736,41.900353,-0.000620,-0.008796,4.987928,0.000000,0.000000,5.000000,0.014950,0
1784320440.010711,FIXED400,TRACKING,400,27.352338,51.069658,-0.002171,-0.006991,4.988935,0.000000,0.000000,5.000000,0.013268,0
1784320440.060659,FIXED400,TRACKING,400,26.347519,42.047661,-0.005769,-0.005099,4.992221,0.000000,0.000000,5.000000,0.010945,0
1784320440.110676,FIXED400,TRACKING,400,27.262555,50.841513,-0.007628,-0.005185,4.995165,0.000000,0.000000,5.000000,0.010414,0
1784320440.160780,FIXED400,TRACKING,400,27.482042,43.350699,-0.011553,-0.005090,5.002093,0.000000,0.000000,5.000000,0.012797,0
1784320440.210781,FIXED400,TRACKING,400,27.437579,49.876729,-0.015192,-0.003698,5.008764,0.000000,0.000000,5.000000,0.017924,0
1784320440.260792,FIXED400,TRACKING,400,27.187411,43.160093,-0.022576,-0.000458,5.021263,0.000000,0.000000,5.000000,0.031016,0
1784320440.310777,FIXED400,TRACKING,400,27.184994,49.859159,-0.025901,0.000306,5.025027,0.000000,0.000000,5.000000,0.036018,0
1784320440.360693,FIXED400,TRACKING,400,26.684184,42.542189,-0.032424,0.000857,5.031242,0.000000,0.000000,5.000000,0.045035,0
1784320440.410791,FIXED400,TRACKING,400,27.498715,50.840797,-0.035124,0.001402,5.033584,0.000000,0.000000,5.000000,0.048617,0
1784320440.460671,FIXED400,TRACKING,400,26.600261,42.384813,-0.039063,0.004060,5.031770,0.000000,0.000000,5.000000,0.050515,0
1784320440.510784,FIXED400,TRACKING,400,27.142788,50.578171,-0.040206,0.005315,5.029741,0.000000,0.000000,5.000000,0.050293,0
1784320440.560686,FIXED400,TRACKING,400,26.392640,42.205397,-0.040557,0.008056,5.028742,0.000000,0.000000,5.000000,0.050358,0
1784320440.610779,FIXED400,TRACKING,400,27.346299,50.972956,-0.039456,0.009636,5.029053,0.000000,0.000000,5.000000,0.049937,0
1784320440.660678,FIXED400,TRACKING,400,27.055250,42.847176,-0.036606,0.013445,5.026667,0.000000,0.000000,5.000000,0.047243,0
1784320440.710684,FIXED400,TRACKING,400,27.329011,50.202821,-0.034668,0.016289,5.026721,0.000000,0.000000,5.000000,0.046704,0
1784320440.760670,FIXED400,TRACKING,400,26.970170,42.714516,-0.030739,0.021214,5.026880,0.000000,0.000000,5.000000,0.046016,0
1784320440.810699,FIXED400,TRACKING,400,25.834577,48.814020,-0.029059,0.023242,5.026555,0.000000,0.000000,5.000000,0.045714,0
1784320440.860678,FIXED400,TRACKING,400,27.073992,42.896283,-0.026410,0.026393,5.026299,0.000000,0.000000,5.000000,0.045670,0
1784320440.910783,FIXED400,TRACKING,400,27.393403,50.353338,-0.024931,0.027899,5.025500,0.000000,0.000000,5.000000,0.045278,0
1784320440.960674,FIXED400,TRACKING,400,26.862683,42.715862,-0.023492,0.033726,5.021312,0.000000,0.000000,5.000000,0.046298,0
1784320441.010785,FIXED400,TRACKING,400,27.827890,51.010369,-0.022706,0.036400,5.018463,0.000000,0.000000,5.000000,0.046706,0
1784320441.060676,FIXED400,TRACKING,400,26.237872,42.118905,-0.020200,0.040828,5.011413,0.000000,0.000000,5.000000,0.046959,0
1784320441.110680,FIXED400,TRACKING,400,27.368358,51.042992,-0.018780,0.042223,5.008364,0.000000,0.000000,5.000000,0.046962,0
1784320441.160675,FIXED400,TRACKING,400,26.653398,42.509490,-0.015521,0.044351,5.003550,0.000000,0.000000,5.000000,0.047122,0
1784320441.210676,FIXED400,TRACKING,400,26.969001,50.256020,-0.013984,0.044366,5.000754,0.000000,0.000000,5.000000,0.046524,0
1784320441.260710,FIXED400,TRACKING,400,27.023751,42.875594,-0.010169,0.043854,4.997529,0.000000,0.000000,5.000000,0.045085,0
1784320441.310689,FIXED400,TRACKING,400,27.270273,50.128860,-0.008097,0.042403,4.997426,0.000000,0.000000,5.000000,0.043246,0
1784320441.360676,FIXED400,TRACKING,400,26.687416,42.541317,-0.003230,0.037607,4.997537,0.000000,0.000000,5.000000,0.037826,0
1784320441.410781,FIXED400,TRACKING,400,27.350855,50.697592,-0.000732,0.035304,4.996557,0.000000,0.000000,5.000000,0.035479,0
1784320441.460676,FIXED400,TRACKING,400,26.549230,42.405489,0.006141,0.027313,4.992711,0.000000,0.000000,5.000000,0.028928,0
1784320441.510711,FIXED400,TRACKING,400,27.276265,50.690039,0.009164,0.023837,4.990590,0.000000,0.000000,5.000000,0.027216,0
1784320441.560679,FIXED400,TRACKING,400,26.513617,42.242053,0.014621,0.018094,4.984781,0.000000,0.000000,5.000000,0.027800,0
1784320441.610801,FIXED400,TRACKING,400,27.939646,51.484928,0.017040,0.015776,4.981421,0.000000,0.000000,5.000000,0.029739,0
1784320441.660663,FIXED400,TRACKING,400,25.830719,41.635510,0.022530,0.010401,4.977318,0.000000,0.000000,5.000000,0.033619,0
1784320441.710687,FIXED400,TRACKING,400,26.473014,50.590878,0.025779,0.007968,4.978260,0.000000,0.000000,5.000000,0.034651,0
1784320441.760683,FIXED400,TRACKING,400,26.916219,42.656357,0.032233,0.002728,4.978402,0.000000,0.000000,5.000000,0.038896,0
1784320441.810677,FIXED400,TRACKING,400,26.427387,49.395532,0.033876,0.001007,4.977278,0.000000,0.000000,5.000000,0.040803,0
1784320441.860685,FIXED400,TRACKING,400,26.579326,42.450354,0.036689,-0.003857,4.971872,0.000000,0.000000,5.000000,0.046391,0
1784320441.910701,FIXED400,TRACKING,400,28.184973,51.510960,0.037627,-0.005848,4.971076,0.000000,0.000000,5.000000,0.047818,0
1784320441.960663,FIXED400,TRACKING,400,25.391349,41.182001,0.038659,-0.011466,4.971080,0.000000,0.000000,5.000000,0.049622,0
1784320442.010693,FIXED400,TRACKING,400,27.149718,51.668898,0.039114,-0.014246,4.972003,0.000000,0.000000,5.000000,0.050166,0
1784320442.060684,FIXED400,TRACKING,400,26.814849,42.724312,0.038742,-0.023305,4.978504,0.000000,0.000000,5.000000,0.050062,0
1784320442.110715,FIXED400,TRACKING,400,25.977883,49.077136,0.037900,-0.028635,4.982208,0.000000,0.000000,5.000000,0.050723,0
1784320442.160697,FIXED400,TRACKING,400,24.923068,40.607694,0.035961,-0.038215,4.989350,0.000000,0.000000,5.000000,0.053545,0
1784320442.210705,FIXED400,TRACKING,400,27.155296,52.122353,0.034825,-0.043162,4.993166,0.000000,0.000000,5.000000,0.055879,0
1784320442.260699,FIXED400,TRACKING,400,27.268439,43.125066,0.031808,-0.052828,4.998463,0.000000,0.000000,5.000000,0.061684,0
1784320442.310705,FIXED400,TRACKING,400,27.064532,49.671024,0.030578,-0.055915,4.999114,0.000000,0.000000,5.000000,0.063736,0
1784320442.360672,FIXED400,TRACKING,400,27.532277,43.348789,0.028275,-0.059936,5.001509,0.000000,0.000000,5.000000,0.066288,0
1784320442.410737,FIXED400,TRACKING,400,27.002164,49.471744,0.026592,-0.061712,5.002254,0.000000,0.000000,5.000000,0.067235,0
1784320442.460668,FIXED400,TRACKING,400,26.880854,42.566986,0.022556,-0.063138,5.005691,0.000000,0.000000,5.000000,0.067287,0
1784320442.510705,FIXED400,TRACKING,400,27.489206,50.533446,0.020284,-0.063372,5.007626,0.000000,0.000000,5.000000,0.066975,0
1784320442.560659,FIXED400,TRACKING,400,26.453692,42.272196,0.014783,-0.064913,5.009948,0.000000,0.000000,5.000000,0.067314,0
1784320442.610716,FIXED400,TRACKING,400,27.078668,50.607589,0.011497,-0.066726,5.011092,0.000000,0.000000,5.000000,0.068612,0
1784320442.660662,FIXED400,TRACKING,400,26.588818,42.460644,0.004847,-0.069391,5.012881,0.000000,0.000000,5.000000,0.070743,0
1784320442.710706,FIXED400,TRACKING,400,26.725466,50.090113,0.002416,-0.068404,5.013666,0.000000,0.000000,5.000000,0.069798,0
1784320442.760657,FIXED400,TRACKING,400,26.213618,42.042274,-0.002057,-0.065668,5.015679,0.000000,0.000000,5.000000,0.067545,0
1784320442.810724,FIXED400,TRACKING,400,27.785894,51.562842,-0.004184,-0.063924,5.015519,0.000000,0.000000,5.000000,0.065914,0
1784320442.860667,FIXED400,TRACKING,400,26.737749,42.621098,-0.009165,-0.059590,5.008611,0.000000,0.000000,5.000000,0.060903,0
1784320442.910678,FIXED400,TRACKING,400,27.649509,50.868495,-0.011263,-0.057652,5.005836,0.000000,0.000000,5.000000,0.059031,0
1784320442.960663,FIXED400,TRACKING,400,27.269924,43.120416,-0.016152,-0.053544,4.999878,0.000000,0.000000,5.000000,0.055927,0
1784320443.010668,FIXED400,TRACKING,400,27.091690,49.705029,-0.018519,-0.051288,4.997200,0.000000,0.000000,5.000000,0.054601,0
1784320443.060678,FIXED400,TRACKING,400,26.050599,41.876718,-0.025429,-0.045657,4.991902,0.000000,0.000000,5.000000,0.052884,0
1784320443.110665,FIXED400,TRACKING,400,26.746929,50.544470,-0.029169,-0.043090,4.990361,0.000000,0.000000,5.000000,0.052920,0
1784320443.160694,FIXED400,TRACKING,400,26.611980,42.420244,-0.035813,-0.037355,4.987404,0.000000,0.000000,5.000000,0.053260,0
1784320443.210689,FIXED400,TRACKING,400,27.499305,50.774487,-0.041363,-0.033257,4.989069,0.000000,0.000000,5.000000,0.054189,0
1784320443.260707,FIXED400,TRACKING,400,26.739595,42.604309,-0.052221,-0.024039,4.992810,0.000000,0.000000,5.000000,0.057937,0
1784320443.310710,FIXED400,TRACKING,400,26.771135,49.913120,-0.056684,-0.019639,4.992897,0.000000,0.000000,5.000000,0.060409,0
1784320443.360690,FIXED400,TRACKING,400,27.173465,43.074687,-0.065114,-0.010328,4.993498,0.000000,0.000000,5.000000,0.066248,0
1784320443.410702,FIXED400,TRACKING,400,27.538019,50.317317,-0.068700,-0.005815,4.995533,0.000000,0.000000,5.000000,0.069090,0
1784320443.460689,FIXED400,TRACKING,400,27.627368,43.475548,-0.081036,0.000907,5.001882,0.000000,0.000000,5.000000,0.081062,0
1784320443.510715,FIXED400,TRACKING,400,26.972376,49.302992,-0.086386,0.003729,5.004215,0.000000,0.000000,5.000000,0.086569,0
1784320443.560694,FIXED400,TRACKING,400,27.461104,43.349473,-0.094831,0.010215,5.007557,0.000000,0.000000,5.000000,0.095679,0
1784320443.610706,FIXED400,TRACKING,400,26.489602,48.940638,-0.097818,0.014008,5.007856,0.000000,0.000000,5.000000,0.099128,0
1784320443.660692,FIXED400,TRACKING,400,27.129685,42.983108,-0.102904,0.021780,5.008419,0.000000,0.000000,5.000000,0.105520,0
1784320443.710708,FIXED400,TRACKING,400,26.833536,49.626302,-0.104542,0.024257,5.008327,0.000000,0.000000,5.000000,0.107641,0
1784320443.760691,FIXED400,TRACKING,400,26.874566,42.672496,-0.106736,0.029069,5.006061,0.000000,0.000000,5.000000,0.110789,0
1784320443.810702,FIXED400,TRACKING,400,26.746558,49.810526,-0.107294,0.031505,5.004018,0.000000,0.000000,5.000000,0.111896,0
1784320443.860689,FIXED400,TRACKING,400,26.945587,42.853012,-0.107231,0.036656,4.993171,0.000000,0.000000,5.000000,0.113529,0
1784320443.910707,FIXED400,TRACKING,400,26.946558,49.953949,-0.106489,0.038619,4.989242,0.000000,0.000000,5.000000,0.113785,0
1784320443.960738,FIXED400,TRACKING,400,27.257004,43.149952,-0.102835,0.040298,4.984388,0.000000,0.000000,5.000000,0.111547,0
1784320444.010729,FIXED400,TRACKING,400,27.104964,49.776095,-0.099653,0.040819,4.983013,0.000000,0.000000,5.000000,0.109021,0
1784320444.060706,FIXED400,TRACKING,400,25.850119,41.677938,-0.091845,0.039692,4.981603,0.000000,0.000000,5.000000,0.101732,0
1784320444.110707,FIXED400,TRACKING,400,27.350781,51.409188,-0.086792,0.038325,4.981510,0.000000,0.000000,5.000000,0.096662,0
1784320444.160715,FIXED400,TRACKING,400,26.894163,42.746556,-0.076348,0.035298,4.980646,0.000000,0.000000,5.000000,0.086311,0
1784320444.210699,FIXED400,TRACKING,400,26.251651,49.271718,-0.070857,0.036002,4.977322,0.000000,0.000000,5.000000,0.082651,0
1784320444.260805,FIXED400,TRACKING,400,28.208913,44.092499,-0.058055,0.036451,4.970868,0.000000,0.000000,5.000000,0.074483,0
1784320444.310717,FIXED400,TRACKING,400,26.607425,48.195442,-0.052387,0.036015,4.969534,0.000000,0.000000,5.000000,0.070496,0
1784320444.360696,FIXED400,TRACKING,400,27.006041,42.742197,-0.041340,0.034042,4.970513,0.000000,0.000000,5.000000,0.061134,0
1784320444.410701,FIXED400,TRACKING,400,27.231121,50.146946,-0.035750,0.032952,4.971984,0.000000,0.000000,5.000000,0.056113,0
1784320444.460689,FIXED400,TRACKING,400,26.338184,42.154835,-0.020500,0.033128,4.972901,0.000000,0.000000,5.000000,0.047456,0
1784320444.510794,FIXED400,TRACKING,400,27.449959,51.148213,-0.013530,0.033295,4.973357,0.000000,0.000000,5.000000,0.044738,0
1784320444.560695,FIXED400,TRACKING,400,26.576388,42.328178,-0.000282,0.033419,4.974530,0.000000,0.000000,5.000000,0.042020,0
1784320444.610701,FIXED400,TRACKING,400,27.289662,50.630142,0.006017,0.033381,4.977084,0.000000,0.000000,5.000000,0.040934,0
1784320444.660694,FIXED400,TRACKING,400,27.107007,42.979532,0.019757,0.033029,4.981150,0.000000,0.000000,5.000000,0.042855,0
1784320444.710696,FIXED400,TRACKING,400,27.242088,50.059175,0.025743,0.034290,4.980977,0.000000,0.000000,5.000000,0.046908,0
1784320444.760811,FIXED400,TRACKING,400,26.900473,42.882069,0.037445,0.035973,4.982847,0.000000,0.000000,5.000000,0.054685,0
1784320444.810801,FIXED400,TRACKING,400,27.343405,50.361498,0.042758,0.035716,4.984727,0.000000,0.000000,5.000000,0.057768,0
1784320444.860811,FIXED400,TRACKING,400,26.420394,42.418516,0.052329,0.029565,4.990397,0.000000,0.000000,5.000000,0.060866,0
1784320444.910698,FIXED400,TRACKING,400,27.291026,50.681636,0.056176,0.026862,4.992522,0.000000,0.000000,5.000000,0.062715,0
1784320444.960795,FIXED400,TRACKING,400,27.352726,43.289599,0.062121,0.018501,4.994529,0.000000,0.000000,5.000000,0.065048,0
1784320445.010695,FIXED400,TRACKING,400,26.854754,49.337065,0.065246,0.013455,4.995387,0.000000,0.000000,5.000000,0.066778,0
1784320445.060718,FIXED400,TRACKING,400,26.402470,42.240653,0.069666,0.005655,4.993976,0.000000,0.000000,5.000000,0.070154,0
1784320445.110756,FIXED400,TRACKING,400,27.212454,50.742710,0.071627,0.001833,4.992407,0.000000,0.000000,5.000000,0.072051,0
1784320445.160809,FIXED400,TRACKING,400,28.151752,44.049569,0.074680,-0.005193,4.987189,0.000000,0.000000,5.000000,0.075948,0
1784320445.210696,FIXED400,TRACKING,400,26.440858,48.100473,0.074784,-0.008012,4.984085,0.000000,0.000000,5.000000,0.076877,0
1784320445.260738,FIXED400,TRACKING,400,27.293707,43.093212,0.074077,-0.014265,4.979576,0.000000,0.000000,5.000000,0.078154,0
1784320445.310808,FIXED400,TRACKING,400,26.910775,49.584387,0.072959,-0.017361,4.978753,0.000000,0.000000,5.000000,0.077948,0
1784320445.360720,FIXED400,TRACKING,400,27.343147,43.192719,0.069621,-0.023672,4.976411,0.000000,0.000000,5.000000,0.077226,0
1784320445.410721,FIXED400,TRACKING,400,26.344612,48.935919,0.067847,-0.026430,4.976287,0.000000,0.000000,5.000000,0.076577,0
1784320445.460706,FIXED400,TRACKING,400,27.335579,43.231876,0.061210,-0.038126,4.974422,0.000000,0.000000,5.000000,0.076515,0
1784320445.510728,FIXED400,TRACKING,400,26.505117,49.121030,0.057914,-0.043116,4.974201,0.000000,0.000000,5.000000,0.076672,0
1784320445.560719,FIXED400,TRACKING,400,27.196761,43.034928,0.051257,-0.050894,4.973044,0.000000,0.000000,5.000000,0.077098,0
1784320445.610706,FIXED400,TRACKING,400,27.355762,50.080532,0.047866,-0.053680,4.972076,0.000000,0.000000,5.000000,0.077152,0
1784320445.660717,FIXED400,TRACKING,400,27.021904,42.945407,0.039490,-0.059372,4.971119,0.000000,0.000000,5.000000,0.076932,0
1784320445.710728,FIXED400,TRACKING,400,26.743329,49.650515,0.034690,-0.062319,4.970945,0.000000,0.000000,5.000000,0.077015,0
1784320445.760705,FIXED400,TRACKING,400,27.381759,43.177400,0.025024,-0.067228,4.971181,0.000000,0.000000,5.000000,0.077307,0
1784320445.810723,FIXED400,TRACKING,400,26.996402,49.543369,0.020393,-0.068948,4.973280,0.000000,0.000000,5.000000,0.076705,0
1784320445.860729,FIXED400,TRACKING,400,26.452728,42.372228,0.011626,-0.070951,4.982397,0.000000,0.000000,5.000000,0.074021,0
1784320445.910812,FIXED400,TRACKING,400,27.433864,50.999797,0.007991,-0.071461,4.985168,0.000000,0.000000,5.000000,0.073420,0
1784320445.960808,FIXED400,TRACKING,400,26.444105,42.329099,-0.003240,-0.070344,4.988926,0.000000,0.000000,5.000000,0.071284,0
1784320446.010748,FIXED400,TRACKING,400,27.431296,50.842503,-0.008501,-0.069196,4.989732,0.000000,0.000000,5.000000,0.070468,0
1784320446.060693,FIXED400,TRACKING,400,25.438118,41.208934,-0.019574,-0.065505,4.993105,0.000000,0.000000,5.000000,0.068714,0
1784320446.110725,FIXED400,TRACKING,400,26.102968,50.580298,-0.024155,-0.063548,4.995752,0.000000,0.000000,5.000000,0.068116,0
1784320446.160716,FIXED400,TRACKING,400,27.333778,43.223854,-0.032023,-0.059226,5.000049,0.000000,0.000000,5.000000,0.067329,0
1784320446.210807,FIXED400,TRACKING,400,27.296274,49.985215,-0.035348,-0.056454,4.998371,0.000000,0.000000,5.000000,0.066627,0
1784320446.260795,FIXED400,TRACKING,400,26.959225,42.848771,-0.041570,-0.050533,4.994275,0.000000,0.000000,5.000000,0.065684,0
1784320446.310703,FIXED400,TRACKING,400,26.835423,49.677590,-0.043053,-0.048293,4.992672,0.000000,0.000000,5.000000,0.065111,0
1784320446.360805,FIXED400,TRACKING,400,27.290268,43.181387,-0.043841,-0.044361,4.988725,0.000000,0.000000,5.000000,0.063381,0
1784320446.410725,FIXED400,TRACKING,400,26.863266,49.423962,-0.043808,-0.042228,4.987463,0.000000,0.000000,5.000000,0.062125,0
1784320446.460803,FIXED400,TRACKING,400,27.183681,43.132619,-0.042665,-0.037756,4.985376,0.000000,0.000000,5.000000,0.058819,0
1784320446.510805,FIXED400,TRACKING,400,26.972431,49.719130,-0.041979,-0.035575,4.984114,0.000000,0.000000,5.000000,0.057273,0
1784320446.560718,FIXED400,TRACKING,400,26.396444,42.293138,-0.039752,-0.031045,4.978762,0.000000,0.000000,5.000000,0.054728,0
1784320446.610738,FIXED400,TRACKING,400,27.283990,50.834851,-0.037851,-0.028737,4.975312,0.000000,0.000000,5.000000,0.053553,0
1784320446.660738,FIXED400,TRACKING,400,26.690330,42.540596,-0.033970,-0.022445,4.970828,0.000000,0.000000,5.000000,0.050087,0
1784320446.710731,FIXED400,TRACKING,400,27.153154,50.384806,-0.034293,-0.018184,4.969683,0.000000,0.000000,5.000000,0.049253,0
1784320446.760728,FIXED400,TRACKING,400,26.891052,42.736113,-0.034320,-0.010178,4.968024,0.000000,0.000000,5.000000,0.047999,0
1784320446.810740,FIXED400,TRACKING,400,27.083408,50.126983,-0.033976,-0.006302,4.967212,0.000000,0.000000,5.000000,0.047636,0
1784320446.860710,FIXED400,TRACKING,400,26.429523,42.225992,-0.031819,0.001859,4.972041,0.000000,0.000000,5.000000,0.042398,0
1784320446.910819,FIXED400,TRACKING,400,27.884177,51.481656,-0.030588,0.005078,4.975574,0.000000,0.000000,5.000000,0.039472,0
1784320446.960702,FIXED400,TRACKING,400,26.537536,42.408717,-0.031971,0.012074,4.975856,0.000000,0.000000,5.000000,0.041843,0
1784320447.010815,FIXED400,TRACKING,400,28.014794,51.518696,-0.032554,0.016253,4.974693,0.000000,0.000000,5.000000,0.044321,0
1784320447.060722,FIXED400,TRACKING,400,25.641892,41.488137,-0.031898,0.020282,4.974329,0.000000,0.000000,5.000000,0.045693,0
1784320447.110712,FIXED400,TRACKING,400,27.286180,51.546996,-0.031163,0.021164,4.975858,0.000000,0.000000,5.000000,0.044743,0
1784320447.160852,FIXED400,TRACKING,400,26.783019,42.841917,-0.029953,0.023469,4.979436,0.000000,0.000000,5.000000,0.043253,0
1784320447.210731,FIXED400,TRACKING,400,26.660056,49.687272,-0.028812,0.026155,4.978235,0.000000,0.000000,5.000000,0.044586,0
1784320447.260716,FIXED400,TRACKING,400,27.634902,43.502925,-0.026269,0.031752,4.975890,0.000000,0.000000,5.000000,0.047745,0
1784320447.310729,FIXED400,TRACKING,400,26.749399,49.002390,-0.026225,0.034237,4.974515,0.000000,0.000000,5.000000,0.050094,0
1784320447.360833,FIXED400,TRACKING,400,27.385551,43.329227,-0.027619,0.039022,4.970049,0.000000,0.000000,5.000000,0.056414,0
1784320447.410722,FIXED400,TRACKING,400,26.666973,49.097698,-0.027817,0.041046,4.968824,0.000000,0.000000,5.000000,0.058571,0
1784320447.460735,FIXED400,TRACKING,400,27.249823,43.139761,-0.026088,0.044217,4.969249,0.000000,0.000000,5.000000,0.059844,0
1784320447.510731,FIXED400,TRACKING,400,26.538450,49.185109,-0.024834,0.045191,4.968985,0.000000,0.000000,5.000000,0.060174,0
1784320447.560728,FIXED400,TRACKING,400,27.346878,43.167155,-0.022704,0.044682,4.964250,0.000000,0.000000,5.000000,0.061563,0
1784320447.610713,FIXED400,TRACKING,400,26.528094,49.095860,-0.022097,0.042799,4.962385,0.000000,0.000000,5.000000,0.061115,0
1784320447.660726,FIXED400,TRACKING,400,27.315533,43.181456,-0.020648,0.038838,4.964737,0.000000,0.000000,5.000000,0.056376,0
1784320447.710744,FIXED400,TRACKING,400,26.700274,49.328195,-0.019964,0.038631,4.965620,0.000000,0.000000,5.000000,0.055434,0
1784320447.760732,FIXED400,TRACKING,400,26.850641,42.737719,-0.018330,0.037877,4.968046,0.000000,0.000000,5.000000,0.052836,0
1784320447.810716,FIXED400,TRACKING,400,27.040076,50.095058,-0.017207,0.037971,4.970464,0.000000,0.000000,5.000000,0.051091,0
1784320447.860710,FIXED400,TRACKING,400,27.022201,42.928749,-0.013679,0.040376,4.978204,0.000000,0.000000,5.000000,0.047879,0
1784320447.910811,FIXED400,TRACKING,400,27.028605,50.036119,-0.012152,0.040847,4.981122,0.000000,0.000000,5.000000,0.046611,0
1784320447.960822,FIXED400,TRACKING,400,27.645959,43.552315,-0.010112,0.045261,4.986893,0.000000,0.000000,5.000000,0.048193,0
1784320448.010812,FIXED400,TRACKING,400,27.403263,49.682747,-0.009140,0.047317,4.989858,0.000000,0.000000,5.000000,0.049248,0
1784320448.060740,FIXED400,TRACKING,400,26.214836,42.172350,-0.006370,0.048686,4.996005,0.000000,0.000000,5.000000,0.049264,0
1784320448.110734,FIXED400,TRACKING,400,27.124814,50.798127,-0.004866,0.047836,4.998637,0.000000,0.000000,5.000000,0.048103,0
1784320448.160728,FIXED400,TRACKING,400,26.802315,42.728038,-0.001747,0.046232,5.003421,0.000000,0.000000,5.000000,0.046391,0
1784320448.210714,FIXED400,TRACKING,400,26.902957,50.019823,-0.000551,0.046576,5.004768,0.000000,0.000000,5.000000,0.046822,0
1784320448.260737,FIXED400,TRACKING,400,27.260245,43.190096,0.002166,0.047615,5.009747,0.000000,0.000000,5.000000,0.048651,0
1784320448.310735,FIXED400,TRACKING,400,26.777440,49.418140,0.003359,0.047178,5.009693,0.000000,0.000000,5.000000,0.048281,0
1784320448.360827,FIXED400,TRACKING,400,26.897025,42.868748,0.005793,0.044849,5.007983,0.000000,0.000000,5.000000,0.045921,0
1784320448.410728,FIXED400,TRACKING,400,27.071122,50.003275,0.007126,0.043711,5.007321,0.000000,0.000000,5.000000,0.044890,0
1784320448.460829,FIXED400,TRACKING,400,27.158645,43.156737,0.011011,0.040518,5.007454,0.000000,0.000000,5.000000,0.042644,0
1784320448.510750,FIXED400,TRACKING,400,26.916081,49.608503,0.012615,0.038655,5.007710,0.000000,0.000000,5.000000,0.041386,0
1784320448.560717,FIXED400,TRACKING,400,27.141626,43.023530,0.015418,0.034139,5.008990,0.000000,0.000000,5.000000,0.038523,0
1784320448.610824,FIXED400,TRACKING,400,27.593439,50.489064,0.016722,0.031711,5.008651,0.000000,0.000000,5.000000,0.036879,0
1784320448.660734,FIXED400,TRACKING,400,26.299495,42.192040,0.019484,0.025879,5.010134,0.000000,0.000000,5.000000,0.033941,0
1784320448.710748,FIXED400,TRACKING,400,27.476790,51.101791,0.020377,0.022878,5.011233,0.000000,0.000000,5.000000,0.032631,0
1784320448.760733,FIXED400,TRACKING,400,26.726446,42.628354,0.022198,0.016696,5.011932,0.000000,0.000000,5.000000,0.030231,0
1784320448.810740,FIXED400,TRACKING,400,26.804142,50.013631,0.022944,0.013192,5.012169,0.000000,0.000000,5.000000,0.029130,0
1784320448.860714,FIXED400,TRACKING,400,26.937747,42.657742,0.023696,0.003446,5.012867,0.000000,0.000000,5.000000,0.027184,0
1784320448.910740,FIXED400,TRACKING,400,27.382438,50.397762,0.024227,-0.000665,5.013292,0.000000,0.000000,5.000000,0.027642,0
1784320448.960746,FIXED400,TRACKING,400,26.712675,42.553813,0.026857,-0.007715,5.011941,0.000000,0.000000,5.000000,0.030388,0
1784320449.010820,FIXED400,TRACKING,400,27.293716,50.588006,0.028195,-0.011063,5.010445,0.000000,0.000000,5.000000,0.032038,0
1784320449.060729,FIXED400,TRACKING,400,26.296186,42.112652,0.030400,-0.016584,5.005245,0.000000,0.000000,5.000000,0.035024,0
1784320449.110751,FIXED400,TRACKING,400,28.071839,51.699024,0.030875,-0.018026,5.003646,0.000000,0.000000,5.000000,0.035938,0
1784320449.160733,FIXED400,TRACKING,400,26.025239,41.844893,0.031342,-0.020826,5.002075,0.000000,0.000000,5.000000,0.037687,0
1784320449.210744,FIXED400,TRACKING,400,26.836379,50.758226,0.030815,-0.022508,5.001969,0.000000,0.000000,5.000000,0.038211,0
1784320449.260742,FIXED400,TRACKING,400,26.830921,42.723318,0.029513,-0.024808,5.000266,0.000000,0.000000,5.000000,0.038556,0
1784320449.310739,FIXED400,TRACKING,400,26.931460,49.961674,0.028571,-0.026031,4.997498,0.000000,0.000000,5.000000,0.038732,0
1784320449.360738,FIXED400,TRACKING,400,26.746011,42.519130,0.026268,-0.028733,4.989542,0.000000,0.000000,5.000000,0.040311,0
1784320449.410729,FIXED400,TRACKING,400,25.199994,48.377147,0.024958,-0.029825,4.986692,0.000000,0.000000,5.000000,0.041104,0
1784320449.460741,FIXED400,TRACKING,400,27.628156,43.604925,0.020698,-0.033342,4.976155,0.000000,0.000000,5.000000,0.045920,0
1784320449.510731,FIXED400,TRACKING,400,26.545704,28.147947,0.016677,-0.036031,4.969278,0.000000,0.000000,5.000000,0.050202,0
1784320449.560732,FIXED400,TRACKING,400,26.579602,42.389096,0.011234,-0.035295,4.962759,0.000000,0.000000,5.000000,0.052524,0
1784320449.610749,FIXED400,TRACKING,400,26.742849,28.406379,0.003174,-0.033369,4.954060,0.000000,0.000000,5.000000,0.056869,0
1784320449.660838,FIXED400,TRACKING,400,27.597721,43.477380,-0.002378,-0.031775,4.950023,0.000000,0.000000,5.000000,0.059271,0
1784320449.710736,FIXED400,TRACKING,400,27.242224,28.768056,-0.011735,-0.028774,4.943048,0.000000,0.000000,5.000000,0.064878,0
1784320449.760723,FIXED400,TRACKING,400,26.539533,42.318455,-0.016041,-0.027168,4.941639,0.000000,0.000000,5.000000,0.066343,0
1784320449.810719,FIXED400,TRACKING,400,27.081469,28.752068,-0.024372,-0.021723,4.941091,0.000000,0.000000,5.000000,0.067351,0
1784320449.860758,FIXED400,TRACKING,400,26.613705,42.473369,-0.029207,-0.017794,4.940524,0.000000,0.000000,5.000000,0.068608,0
1784320449.910723,FIXED400,TRACKING,400,27.305177,28.938520,-0.035913,-0.014180,4.937963,0.000000,0.000000,5.000000,0.073071,0
1784320449.960716,FIXED400,TRACKING,400,26.423509,42.305987,-0.038802,-0.014216,4.935964,0.000000,0.000000,5.000000,0.076212,0
1784320450.010741,FIXED400,TRACKING,400,27.441587,29.054289,-0.043985,-0.013962,4.931885,0.000000,0.000000,5.000000,0.082276,0
1784320450.060752,FIXED400,TRACKING,400,26.415558,42.341584,-0.047105,-0.015214,4.931899,0.000000,0.000000,5.000000,0.084191,0
1784320450.110723,FIXED400,TRACKING,400,27.461942,29.134692,-0.051286,-0.016768,4.937697,0.000000,0.000000,5.000000,0.082420,0
1784320450.160761,FIXED400,TRACKING,400,26.631129,42.584001,-0.052978,-0.017051,4.941098,0.000000,0.000000,5.000000,0.081036,0
1784320450.210728,FIXED400,TRACKING,400,26.960151,28.319656,-0.056236,-0.013003,4.943874,0.000000,0.000000,5.000000,0.080509,0
1784320450.260837,FIXED400,TRACKING,400,27.391002,43.377309,-0.057726,-0.010498,4.945679,0.000000,0.000000,5.000000,0.079958,0
1784320450.310721,FIXED400,TRACKING,400,26.726644,28.378244,-0.058713,-0.005326,4.951285,0.000000,0.000000,5.000000,0.076477,0
1784320450.360841,FIXED400,TRACKING,400,27.359865,43.324164,-0.058540,-0.002642,4.954581,0.000000,0.000000,5.000000,0.074141,0
1784320450.410747,FIXED400,TRACKING,400,26.511326,28.324814,-0.057024,0.002532,4.960606,0.000000,0.000000,5.000000,0.069354,0
1784320450.460768,FIXED400,TRACKING,400,27.314089,43.167420,-0.055156,0.005900,4.963280,0.000000,0.000000,5.000000,0.066523,0
1784320450.510723,FIXED400,TRACKING,400,26.740420,28.469647,-0.051796,0.010352,4.970047,0.000000,0.000000,5.000000,0.060722,0
1784320450.560755,FIXED400,TRACKING,400,26.837056,42.796989,-0.050070,0.013394,4.974612,0.000000,0.000000,5.000000,0.057715,0
1784320450.610723,FIXED400,TRACKING,400,26.987421,28.741056,-0.046227,0.019763,4.984167,0.000000,0.000000,5.000000,0.052709,0
1784320450.660752,FIXED400,TRACKING,400,27.160010,43.040032,-0.042384,0.023219,4.989336,0.000000,0.000000,5.000000,0.049489,0
1784320450.710749,FIXED400,TRACKING,400,26.785750,28.582877,-0.030183,0.027116,4.998605,0.000000,0.000000,5.000000,0.040598,0
1784320450.760746,FIXED400,TRACKING,400,26.719265,42.589088,-0.024204,0.028856,5.002962,0.000000,0.000000,5.000000,0.037780,0
1784320450.810722,FIXED400,TRACKING,400,26.748115,28.398681,-0.011100,0.033013,5.006907,0.000000,0.000000,5.000000,0.035508,0
1784320450.860727,FIXED400,TRACKING,400,26.809676,42.615275,-0.002928,0.035808,5.007594,0.000000,0.000000,5.000000,0.036721,0
1784320450.910728,FIXED400,TRACKING,400,27.231048,28.906052,0.009716,0.040204,5.009281,0.000000,0.000000,5.000000,0.042390,0
1784320450.960726,FIXED400,TRACKING,400,26.696581,42.508686,0.016191,0.042288,5.009723,0.000000,0.000000,5.000000,0.046313,0
1784320451.010741,FIXED400,TRACKING,400,26.955711,28.603919,0.028453,0.045803,5.009173,0.000000,0.000000,5.000000,0.054696,0
1784320451.060760,FIXED400,TRACKING,400,26.701807,42.554881,0.037116,0.048994,5.004966,0.000000,0.000000,5.000000,0.061665,0
1784320451.110752,FIXED400,TRACKING,400,26.893555,28.465135,0.050189,0.053701,4.996654,0.000000,0.000000,5.000000,0.073580,0
1784320451.160814,FIXED400,TRACKING,400,27.022114,42.936544,0.056163,0.055603,4.991987,0.000000,0.000000,5.000000,0.079436,0
1784320451.210752,FIXED400,TRACKING,400,26.880516,28.597254,0.063121,0.057388,4.976684,0.000000,0.000000,5.000000,0.088438,0
1784320451.260839,FIXED400,TRACKING,400,26.993528,43.025663,0.066881,0.058225,4.969660,0.000000,0.000000,5.000000,0.093722,0
1784320451.310751,FIXED400,TRACKING,400,27.273262,29.057493,0.074460,0.057473,4.957327,0.000000,0.000000,5.000000,0.103288,0
1784320451.360759,FIXED400,TRACKING,400,26.835478,42.797324,0.077925,0.056779,4.951823,0.000000,0.000000,5.000000,0.107783,0
1784320451.410730,FIXED400,TRACKING,400,26.524887,28.308399,0.083666,0.055753,4.946625,0.000000,0.000000,5.000000,0.113830,0
1784320451.460759,FIXED400,TRACKING,400,26.976848,42.863270,0.087128,0.055809,4.945853,0.000000,0.000000,5.000000,0.116781,0
1784320451.510734,FIXED400,TRACKING,400,27.021594,28.615837,0.090222,0.055448,4.945843,0.000000,0.000000,5.000000,0.118943,0
1784320451.560772,FIXED400,TRACKING,400,26.365611,42.091493,0.089988,0.055556,4.945436,0.000000,0.000000,5.000000,0.119002,0
1784320451.610756,FIXED400,TRACKING,400,26.763078,28.437689,0.087767,0.055051,4.945930,0.000000,0.000000,5.000000,0.116864,0
1784320451.660735,FIXED400,TRACKING,400,26.029079,41.763579,0.085736,0.052932,4.946790,0.000000,0.000000,5.000000,0.113947,0
1784320451.710734,FIXED400,TRACKING,400,26.959926,28.554166,0.082081,0.042468,4.944536,0.000000,0.000000,5.000000,0.107783,0
1784320451.760746,FIXED400,TRACKING,400,26.733258,42.640480,0.079484,0.037713,4.944349,0.000000,0.000000,5.000000,0.104101,0
1784320451.810736,FIXED400,TRACKING,400,26.573962,27.932662,0.075089,0.027565,4.944619,0.000000,0.000000,5.000000,0.097290,0
1784320451.860729,FIXED400,TRACKING,400,26.820949,42.719737,0.072192,0.021271,4.944676,0.000000,0.000000,5.000000,0.093407,0
1784320451.910753,FIXED400,TRACKING,400,26.516485,28.291101,0.066926,0.013278,4.942631,0.000000,0.000000,5.000000,0.089144,0
1784320451.960756,FIXED400,TRACKING,400,27.006248,42.822548,0.064315,0.010494,4.940354,0.000000,0.000000,5.000000,0.088341,0
1784320452.010751,FIXED400,TRACKING,400,27.041552,28.715810,0.058265,0.004680,4.938207,0.000000,0.000000,5.000000,0.085060,0
1784320452.060765,FIXED400,TRACKING,400,27.130455,43.018207,0.055327,0.002733,4.936936,0.000000,0.000000,5.000000,0.083938,0
1784320452.110757,FIXED400,TRACKING,400,26.674920,28.358271,0.050051,-0.000189,4.939612,0.000000,0.000000,5.000000,0.078434,0
1784320452.160831,FIXED400,TRACKING,400,27.618216,43.521399,0.046920,-0.001928,4.942678,0.000000,0.000000,5.000000,0.074101,0
1784320452.210752,FIXED400,TRACKING,400,26.270677,27.752295,0.040522,-0.002637,4.947943,0.000000,0.000000,5.000000,0.066023,0
1784320452.260752,FIXED400,TRACKING,400,26.992659,42.831772,0.036351,-0.003055,4.950981,0.000000,0.000000,5.000000,0.061103,0
1784320452.310757,FIXED400,TRACKING,400,27.248366,29.032339,0.031903,-0.005208,4.962829,0.000000,0.000000,5.000000,0.049261,0
1784320452.360842,FIXED400,TRACKING,400,26.807719,42.820348,0.030021,-0.006325,4.968785,0.000000,0.000000,5.000000,0.043768,0
1784320452.410748,FIXED400,TRACKING,400,27.277277,28.942175,0.026148,-0.007871,4.977210,0.000000,0.000000,5.000000,0.035568,0
1784320452.460814,FIXED400,TRACKING,400,26.900722,42.824596,0.023451,-0.008265,4.979497,0.000000,0.000000,5.000000,0.032228,0
1784320452.510754,FIXED400,TRACKING,400,26.630861,28.387197,0.018423,-0.009052,4.980579,0.000000,0.000000,5.000000,0.028258,0
1784320452.560750,FIXED400,TRACKING,400,26.694366,42.563761,0.016769,-0.007980,4.977769,0.000000,0.000000,5.000000,0.028967,0
1784320452.610769,FIXED400,TRACKING,400,26.833282,28.523367,0.013631,-0.005204,4.968262,0.000000,0.000000,5.000000,0.034931,0
1784320452.660872,FIXED400,TRACKING,400,27.120946,43.191315,0.011896,-0.003601,4.961750,0.000000,0.000000,5.000000,0.040219,0
1784320452.710706,FIXED400,TRACKING,400,26.580246,28.207950,0.011876,-0.001219,4.950245,0.000000,0.000000,5.000000,0.051167,0
1784320452.760734,FIXED400,TRACKING,400,27.194064,42.986015,0.011594,-0.000077,4.945795,0.000000,0.000000,5.000000,0.055432,0
1784320452.810752,FIXED400,TRACKING,400,26.653350,28.304090,0.014558,0.002585,4.936498,0.000000,0.000000,5.000000,0.065201,0
1784320452.860777,FIXED400,TRACKING,400,26.889397,42.828990,0.017144,0.004504,4.931957,0.000000,0.000000,5.000000,0.070314,0
1784320452.910764,FIXED400,TRACKING,400,27.011303,28.820766,0.021708,0.006450,4.929390,0.000000,0.000000,5.000000,0.074152,0
1784320452.960839,FIXED400,TRACKING,400,26.678957,42.711294,0.024559,0.006508,4.929759,0.000000,0.000000,5.000000,0.074695,0
1784320453.010739,FIXED400,TRACKING,400,26.469555,28.285577,0.028918,0.007124,4.932161,0.000000,0.000000,5.000000,0.074089,0
1784320453.060771,FIXED400,TRACKING,400,26.866087,42.806838,0.031730,0.007997,4.932178,0.000000,0.000000,5.000000,0.075303,0
1784320453.110739,FIXED400,TRACKING,400,26.967140,28.696922,0.035159,0.009459,4.932790,0.000000,0.000000,5.000000,0.076439,0
1784320453.160748,FIXED400,TRACKING,400,27.118416,42.979916,0.036297,0.010193,4.934246,0.000000,0.000000,5.000000,0.075796,0
1784320453.210738,FIXED400,TRACKING,400,27.107429,28.875515,0.040185,0.009420,4.939608,0.000000,0.000000,5.000000,0.073149,0
1784320453.260753,FIXED400,TRACKING,400,27.328630,43.232638,0.041665,0.009163,4.944233,0.000000,0.000000,5.000000,0.070213,0
1784320453.310766,FIXED400,TRACKING,400,26.943939,28.616745,0.044997,0.009642,4.942283,0.000000,0.000000,5.000000,0.073817,0
1784320453.360741,FIXED400,TRACKING,400,26.995445,42.894315,0.046320,0.010025,4.940859,0.000000,0.000000,5.000000,0.075787,0
1784320453.410731,FIXED400,TRACKING,400,26.322494,28.064634,0.048301,0.011384,4.942339,0.000000,0.000000,5.000000,0.076074,0
1784320453.460741,FIXED400,TRACKING,400,27.240875,43.107132,0.049727,0.013252,4.943453,0.000000,0.000000,5.000000,0.076459,0
1784320453.510754,FIXED400,TRACKING,400,26.739038,28.529886,0.050858,0.015662,4.944074,0.000000,0.000000,5.000000,0.077199,0
1784320453.560777,FIXED400,TRACKING,400,27.109594,42.992579,0.048720,0.016470,4.944801,0.000000,0.000000,5.000000,0.075444,0
1784320453.610759,FIXED400,TRACKING,400,27.143931,28.927346,0.042806,0.017774,4.948293,0.000000,0.000000,5.000000,0.069440,0
1784320453.660768,FIXED400,TRACKING,400,26.880478,42.735186,0.038939,0.018529,4.949879,0.000000,0.000000,5.000000,0.066119,0
1784320453.710740,FIXED400,TRACKING,400,26.997091,28.673456,0.031565,0.019660,4.951461,0.000000,0.000000,5.000000,0.061146,0
1784320453.760782,FIXED400,TRACKING,400,26.329597,42.251639,0.027946,0.019910,4.953659,0.000000,0.000000,5.000000,0.057662,0
1784320453.810739,FIXED400,TRACKING,400,26.676889,28.324013,0.024320,0.019819,4.957578,0.000000,0.000000,5.000000,0.052763,0
1784320453.860769,FIXED400,TRACKING,400,26.783702,42.557180,0.023170,0.019399,4.959660,0.000000,0.000000,5.000000,0.050403,0
1784320453.910766,FIXED400,TRACKING,400,26.932622,28.582872,0.020959,0.018514,4.963605,0.000000,0.000000,5.000000,0.045898,0
1784320453.960772,FIXED400,TRACKING,400,26.740848,42.675913,0.019687,0.018145,4.967402,0.000000,0.000000,5.000000,0.042184,0
1784320454.010764,FIXED400,TRACKING,400,26.158345,27.747169,0.016416,0.017547,4.971912,0.000000,0.000000,5.000000,0.036963,0
1784320454.060774,FIXED400,TRACKING,400,26.883065,42.788222,0.013153,0.017417,4.972421,0.000000,0.000000,5.000000,0.035171,0
1784320454.110768,FIXED400,TRACKING,400,26.945471,28.591630,0.007325,0.017453,4.974979,0.000000,0.000000,5.000000,0.031373,0
1784320454.160782,FIXED400,TRACKING,400,27.158600,43.055322,0.004269,0.017438,4.975729,0.000000,0.000000,5.000000,0.030189,0
1784320454.210766,FIXED400,TRACKING,400,26.888345,28.687781,-0.001739,0.017175,4.973449,0.000000,0.000000,5.000000,0.031670,0
1784320454.260787,FIXED400,TRACKING,400,26.558989,42.522091,-0.005630,0.016971,4.972401,0.000000,0.000000,5.000000,0.032885,0
1784320454.310770,FIXED400,TRACKING,400,27.442349,29.140985,-0.011740,0.014576,4.971373,0.000000,0.000000,5.000000,0.034202,0
1784320454.360775,FIXED400,TRACKING,400,26.283522,42.183600,-0.014626,0.013057,4.971077,0.000000,0.000000,5.000000,0.034942,0
1784320454.410771,FIXED400,TRACKING,400,27.200604,28.906709,-0.019757,0.009427,4.972435,0.000000,0.000000,5.000000,0.035200,0
1784320454.460732,FIXED400,TRACKING,400,25.826138,41.636456,-0.022087,0.006086,4.970834,0.000000,0.000000,5.000000,0.037088,0
1784320454.510774,FIXED400,TRACKING,400,27.252466,29.047542,-0.025465,0.000985,4.968773,0.000000,0.000000,5.000000,0.040306,0
1784320454.560742,FIXED400,TRACKING,400,27.354252,43.210175,-0.027416,-0.003164,4.967329,0.000000,0.000000,5.000000,0.042767,0
1784320454.610748,FIXED400,TRACKING,400,26.475398,28.211764,-0.031126,-0.011869,4.962538,0.000000,0.000000,5.000000,0.050131,0
1784320454.660765,FIXED400,TRACKING,400,27.273890,43.250202,-0.032923,-0.017228,4.961926,0.000000,0.000000,5.000000,0.053201,0
1784320454.710748,FIXED400,TRACKING,400,26.303862,28.063797,-0.034279,-0.027372,4.963351,0.000000,0.000000,5.000000,0.057161,0
1784320454.760787,FIXED400,TRACKING,400,27.402097,43.343517,-0.034827,-0.031997,4.964433,0.000000,0.000000,5.000000,0.059176,0
1784320454.810766,FIXED400,TRACKING,400,26.626496,28.370475,-0.036358,-0.040127,4.966779,0.000000,0.000000,5.000000,0.063527,0
1784320454.860780,FIXED400,TRACKING,400,26.900406,42.907496,-0.037361,-0.044354,4.967777,0.000000,0.000000,5.000000,0.066343,0
1784320454.910770,FIXED400,TRACKING,400,26.855196,28.603496,-0.037623,-0.050380,4.970892,0.000000,0.000000,5.000000,0.069288,0
1784320454.960787,FIXED400,TRACKING,400,26.913908,42.849874,-0.036844,-0.053239,4.975249,0.000000,0.000000,5.000000,0.069314,0
1784320455.010771,FIXED400,TRACKING,400,26.869154,28.689815,-0.035479,-0.058188,4.983488,0.000000,0.000000,5.000000,0.070123,0
1784320455.060763,FIXED400,TRACKING,400,26.695183,42.543354,-0.034912,-0.060899,4.985585,0.000000,0.000000,5.000000,0.071661,0
1784320455.110754,FIXED400,TRACKING,400,26.910599,28.678865,-0.033740,-0.064242,4.986601,0.000000,0.000000,5.000000,0.073790,0
1784320455.160867,FIXED400,TRACKING,400,27.430644,43.387544,-0.032872,-0.065268,4.987719,0.000000,0.000000,5.000000,0.074103,0
1784320455.210749,FIXED400,TRACKING,400,24.475407,25.984645,-0.028353,-0.066619,4.988769,0.000000,0.000000,5.000000,0.073268,0
1784320455.260757,FIXED400,TRACKING,400,28.052431,44.010196,-0.025279,-0.066738,4.990252,0.000000,0.000000,5.000000,0.072028,0
1784320455.310782,FIXED400,TRACKING,400,26.286837,27.974040,-0.019993,-0.063162,4.988741,0.000000,0.000000,5.000000,0.067200,0
1784320455.360787,FIXED400,TRACKING,400,27.408376,43.295424,-0.017469,-0.060852,4.987519,0.000000,0.000000,5.000000,0.064529,0
1784320455.410774,FIXED400,TRACKING,400,26.783768,28.314954,-0.012424,-0.056739,4.986041,0.000000,0.000000,5.000000,0.059737,0
1784320455.460789,FIXED400,TRACKING,400,27.381693,43.217032,-0.008798,-0.055551,4.987378,0.000000,0.000000,5.000000,0.057642,0
1784320455.510747,FIXED400,TRACKING,400,26.407858,28.130515,-0.003443,-0.052917,4.989603,0.000000,0.000000,5.000000,0.054038,0
1784320455.560743,FIXED400,TRACKING,400,26.740182,42.541892,-0.001072,-0.050550,4.989125,0.000000,0.000000,5.000000,0.051718,0
1784320455.610776,FIXED400,TRACKING,400,26.722934,28.385646,0.003683,-0.044962,4.988085,0.000000,0.000000,5.000000,0.046660,0
1784320455.660756,FIXED400,TRACKING,400,26.506352,42.389233,0.006677,-0.041327,4.987096,0.000000,0.000000,5.000000,0.043807,0
1784320455.710765,FIXED400,TRACKING,400,25.403295,27.096998,0.011161,-0.035448,4.980866,0.000000,0.000000,5.000000,0.041799,0
1784320455.760783,FIXED400,TRACKING,400,27.268642,43.195905,0.013096,-0.032358,4.978169,0.000000,0.000000,5.000000,0.041171,0
1784320455.810753,FIXED400,TRACKING,400,26.904043,28.629659,0.016835,-0.025848,4.978819,0.000000,0.000000,5.000000,0.037419,0
1784320455.860781,FIXED400,TRACKING,400,26.775603,42.657179,0.019166,-0.021588,4.981937,0.000000,0.000000,5.000000,0.034053,0
1784320455.910755,FIXED400,TRACKING,400,26.802590,28.556784,0.022755,-0.014775,4.986372,0.000000,0.000000,5.000000,0.030362,0
1784320455.960765,FIXED400,TRACKING,400,26.961663,42.872518,0.024487,-0.011361,4.988158,0.000000,0.000000,5.000000,0.029477,0
1784320456.010751,FIXED400,TRACKING,400,26.597259,28.358455,0.027644,-0.004187,4.989200,0.000000,0.000000,5.000000,0.029973,0
1784320456.060778,FIXED400,TRACKING,400,26.270806,42.022241,0.029962,0.000833,4.984557,0.000000,0.000000,5.000000,0.033718,0
1784320456.110781,FIXED400,TRACKING,400,27.249186,28.920880,0.032910,0.009134,4.977860,0.000000,0.000000,5.000000,0.040702,0
1784320456.160784,FIXED400,TRACKING,400,26.594655,42.482502,0.033930,0.013262,4.975037,0.000000,0.000000,5.000000,0.044162,0
1784320456.210752,FIXED400,TRACKING,400,26.929472,28.577848,0.037671,0.022392,4.970697,0.000000,0.000000,5.000000,0.052718,0
1784320456.260779,FIXED400,TRACKING,400,26.654335,42.642873,0.039385,0.027598,4.970062,0.000000,0.000000,5.000000,0.056649,0
1784320456.310785,FIXED400,TRACKING,400,27.267035,28.954386,0.041198,0.031800,4.970776,0.000000,0.000000,5.000000,0.059687,0
1784320456.360747,FIXED400,TRACKING,400,26.825438,42.657745,0.041712,0.033467,4.972003,0.000000,0.000000,5.000000,0.060363,0
1784320456.410756,FIXED400,TRACKING,400,26.748178,28.402313,0.041935,0.037248,4.976124,0.000000,0.000000,5.000000,0.060960,0
1784320456.460888,FIXED400,TRACKING,400,26.998858,42.996252,0.041559,0.040103,4.977456,0.000000,0.000000,5.000000,0.061997,0
1784320456.510727,FIXED400,TRACKING,400,27.055235,28.790408,0.040302,0.043692,4.981176,0.000000,0.000000,5.000000,0.062350,0
1784320456.560756,FIXED400,TRACKING,400,26.597121,42.472118,0.039612,0.046392,4.982329,0.000000,0.000000,5.000000,0.063511,0
1784320456.610783,FIXED400,TRACKING,400,27.301066,29.099825,0.038266,0.051575,4.985171,0.000000,0.000000,5.000000,0.065910,0
1784320456.660752,FIXED400,TRACKING,400,25.798622,41.724160,0.037740,0.054291,4.987072,0.000000,0.000000,5.000000,0.067372,0
1784320456.710782,FIXED400,TRACKING,400,27.140765,28.872634,0.038904,0.058875,4.990782,0.000000,0.000000,5.000000,0.071167,0
1784320456.760864,FIXED400,TRACKING,400,26.108033,42.149117,0.038940,0.060518,4.993560,0.000000,0.000000,5.000000,0.072252,0
1784320456.810762,FIXED400,TRACKING,400,26.475860,28.251020,0.038490,0.062152,4.992471,0.000000,0.000000,5.000000,0.073492,0
1784320456.860786,FIXED400,TRACKING,400,26.449967,42.382709,0.037765,0.062397,4.990278,0.000000,0.000000,5.000000,0.073580,0
1784320456.910781,FIXED400,TRACKING,400,27.245434,29.019883,0.034651,0.061091,4.988155,0.000000,0.000000,5.000000,0.071226,0
1784320456.960796,FIXED400,TRACKING,400,26.283519,42.268298,0.031953,0.059296,4.987195,0.000000,0.000000,5.000000,0.068563,0
1784320457.010784,FIXED400,TRACKING,400,27.165437,28.970893,0.026922,0.055526,4.985185,0.000000,0.000000,5.000000,0.063462,0
1784320457.060753,FIXED400,TRACKING,400,25.378965,41.229869,0.023486,0.052348,4.980816,0.000000,0.000000,5.000000,0.060498,0
1784320457.110785,FIXED400,TRACKING,400,26.906460,28.654826,0.018404,0.046658,4.976749,0.000000,0.000000,5.000000,0.055284,0
1784320457.160792,FIXED400,TRACKING,400,26.671605,42.624007,0.016082,0.043764,4.975880,0.000000,0.000000,5.000000,0.052495,0
1784320457.210783,FIXED400,TRACKING,400,26.814070,28.549307,0.010864,0.037196,4.968657,0.000000,0.000000,5.000000,0.049839,0
1784320457.260787,FIXED400,TRACKING,400,26.633700,42.493858,0.007551,0.032828,4.964899,0.000000,0.000000,5.000000,0.048649,0
1784320457.310789,FIXED400,TRACKING,400,26.899871,28.600913,0.001870,0.025855,4.960842,0.000000,0.000000,5.000000,0.046961,0
1784320457.360751,FIXED400,TRACKING,400,26.354770,42.178263,-0.000956,0.022147,4.959393,0.000000,0.000000,5.000000,0.046263,0
1784320457.410787,FIXED400,TRACKING,400,27.389665,29.104267,-0.005882,0.013077,4.961543,0.000000,0.000000,5.000000,0.041043,0
1784320457.460864,FIXED400,TRACKING,400,26.956944,42.977497,-0.007852,0.005258,4.964406,0.000000,0.000000,5.000000,0.036827,0
1784320457.510757,FIXED400,TRACKING,400,26.711841,28.366687,-0.011315,-0.006465,4.968188,0.000000,0.000000,5.000000,0.034378,0
1784320457.560793,FIXED400,TRACKING,400,27.241114,43.227446,-0.014154,-0.012482,4.970689,0.000000,0.000000,5.000000,0.034861,0
1784320457.610764,FIXED400,TRACKING,400,26.681519,28.381474,-0.020077,-0.023785,4.976159,0.000000,0.000000,5.000000,0.039208,0
1784320457.660792,FIXED400,TRACKING,400,26.756366,42.647274,-0.023561,-0.030460,4.980644,0.000000,0.000000,5.000000,0.043100,0
1784320457.710787,FIXED400,TRACKING,400,26.990097,28.718538,-0.029309,-0.041095,4.986889,0.000000,0.000000,5.000000,0.052151,0
1784320457.760757,FIXED400,TRACKING,400,26.407977,42.291928,-0.031863,-0.045865,4.990026,0.000000,0.000000,5.000000,0.056730,0
1784320457.810791,FIXED400,TRACKING,400,27.348996,29.137143,-0.033277,-0.055697,4.997402,0.000000,0.000000,5.000000,0.064932,0
1784320457.860807,FIXED400,TRACKING,400,26.476900,42.397131,-0.032831,-0.061482,4.999858,0.000000,0.000000,5.000000,0.069699,0
1784320457.910794,FIXED400,TRACKING,400,26.962275,28.552345,-0.032574,-0.067945,5.000763,0.000000,0.000000,5.000000,0.075354,0
1784320457.960866,FIXED400,TRACKING,400,26.828844,42.781023,-0.032866,-0.069501,5.000755,0.000000,0.000000,5.000000,0.076884,0
1784320458.010793,FIXED400,TRACKING,400,27.368346,28.981735,-0.033137,-0.071752,5.003638,0.000000,0.000000,5.000000,0.079118,0
1784320458.060797,FIXED400,TRACKING,400,26.228191,42.030222,-0.031360,-0.070668,5.003376,0.000000,0.000000,5.000000,0.077387,0
1784320458.110795,FIXED400,TRACKING,400,26.996993,28.670653,-0.028297,-0.068160,5.005133,0.000000,0.000000,5.000000,0.073979,0
1784320458.160758,FIXED400,TRACKING,400,26.417683,42.371994,-0.026810,-0.067008,5.004902,0.000000,0.000000,5.000000,0.072339,0
1784320458.210768,FIXED400,TRACKING,400,26.096184,27.930034,-0.020884,-0.059349,4.996337,0.000000,0.000000,5.000000,0.063022,0
1784320458.260822,FIXED400,TRACKING,400,27.621494,43.598545,-0.017277,-0.054380,4.992645,0.000000,0.000000,5.000000,0.057531,0
1784320458.310768,FIXED400,TRACKING,400,26.515517,28.198930,-0.011846,-0.048763,4.982881,0.000000,0.000000,5.000000,0.053021,0
1784320458.360902,FIXED400,TRACKING,400,27.087693,43.112015,-0.009224,-0.046236,4.978096,0.000000,0.000000,5.000000,0.051987,0
1784320458.410791,FIXED400,TRACKING,400,26.930747,28.731925,-0.003948,-0.040300,4.967995,0.000000,0.000000,5.000000,0.051614,0
1784320458.460794,FIXED400,TRACKING,400,26.758418,42.678507,-0.000459,-0.035342,4.959761,0.000000,0.000000,5.000000,0.053558,0
1784320458.510798,FIXED400,TRACKING,400,26.651256,28.497396,0.004449,-0.027354,4.952602,0.000000,0.000000,5.000000,0.054905,0
1784320458.560756,FIXED400,TRACKING,400,27.223436,43.097476,0.005560,-0.023149,4.949072,0.000000,0.000000,5.000000,0.056218,0
1784320458.610785,FIXED400,TRACKING,400,26.877909,28.591460,0.007271,-0.014597,4.943072,0.000000,0.000000,5.000000,0.059218,0
1784320458.660820,FIXED400,TRACKING,400,26.854863,42.798942,0.008825,-0.009404,4.940155,0.000000,0.000000,5.000000,0.061219,0
1784320458.710794,FIXED400,TRACKING,400,27.042857,28.756669,0.012966,-0.001396,4.936231,0.000000,0.000000,5.000000,0.065089,0
1784320458.760809,FIXED400,TRACKING,400,27.017726,42.982302,0.014862,0.002323,4.934635,0.000000,0.000000,5.000000,0.067073,0
1784320458.810796,FIXED400,TRACKING,400,27.094528,28.801832,0.022101,0.009231,4.933717,0.000000,0.000000,5.000000,0.070478,0
1784320458.860797,FIXED400,TRACKING,400,27.021081,42.958597,0.027179,0.013122,4.934464,0.000000,0.000000,5.000000,0.072152,0
1784320458.910789,FIXED400,TRACKING,400,26.888528,28.672766,0.033322,0.016667,4.936692,0.000000,0.000000,5.000000,0.073458,0
1784320458.960804,FIXED400,TRACKING,400,26.713560,42.710890,0.035440,0.016860,4.937496,0.000000,0.000000,5.000000,0.073804,0
1784320459.010792,FIXED400,TRACKING,400,26.951391,28.559576,0.039394,0.017723,4.940320,0.000000,0.000000,5.000000,0.073673,0
1784320459.060785,FIXED400,TRACKING,400,26.521059,42.442569,0.040553,0.016430,4.941462,0.000000,0.000000,5.000000,0.073084,0
1784320459.110794,FIXED400,TRACKING,400,26.918865,28.569542,0.041910,0.014332,4.943499,0.000000,0.000000,5.000000,0.071793,0
1784320459.160802,FIXED400,TRACKING,400,26.585354,42.478237,0.042444,0.013556,4.946192,0.000000,0.000000,5.000000,0.069861,0
1784320459.210797,FIXED400,TRACKING,400,27.352215,29.046306,0.045581,0.018344,4.946717,0.000000,0.000000,5.000000,0.072479,0
1784320459.260795,FIXED400,TRACKING,400,26.765369,42.634591,0.047173,0.021014,4.949906,0.000000,0.000000,5.000000,0.071946,0
1784320459.310800,FIXED400,TRACKING,400,27.087058,28.818418,0.048083,0.029498,4.955520,0.000000,0.000000,5.000000,0.071837,0
1784320459.360852,FIXED400,TRACKING,400,26.972751,42.874596,0.048038,0.034872,4.958539,0.000000,0.000000,5.000000,0.072406,0
1784320459.410802,FIXED400,TRACKING,400,26.958537,28.635482,0.046282,0.043096,4.961359,0.000000,0.000000,5.000000,0.074111,0
1784320459.460889,FIXED400,TRACKING,400,27.573813,43.556847,0.043300,0.051153,4.962498,0.000000,0.000000,5.000000,0.076799,0
1784320459.510780,FIXED400,TRACKING,400,26.670589,28.289675,0.038295,0.061866,4.969768,0.000000,0.000000,5.000000,0.078790,0
1784320459.560802,FIXED400,TRACKING,400,26.780532,42.677736,0.036075,0.067117,4.973865,0.000000,0.000000,5.000000,0.080555,0
1784320459.610795,FIXED400,TRACKING,400,26.791474,28.517439,0.031598,0.076776,4.979153,0.000000,0.000000,5.000000,0.085601,0
1784320459.660785,FIXED400,TRACKING,400,26.909081,42.871246,0.028720,0.082437,4.979567,0.000000,0.000000,5.000000,0.089657,0
1784320459.710798,FIXED400,TRACKING,400,26.884525,28.599103,0.024452,0.092097,4.973873,0.000000,0.000000,5.000000,0.098805,0
1784320459.760803,FIXED400,TRACKING,400,26.578116,42.400305,0.022219,0.096241,4.971445,0.000000,0.000000,5.000000,0.102817,0
1784320459.810796,FIXED400,TRACKING,400,27.055958,28.811792,0.019295,0.104448,4.967429,0.000000,0.000000,5.000000,0.111097,0
1784320459.860787,FIXED400,TRACKING,400,26.605398,42.556851,0.017710,0.108837,4.963556,0.000000,0.000000,5.000000,0.116135,0
1784320459.910802,FIXED400,TRACKING,400,27.092058,28.795636,0.014242,0.111858,4.959017,0.000000,0.000000,5.000000,0.119977,0
1784320459.960804,FIXED400,TRACKING,400,26.990273,42.893885,0.012145,0.111082,4.957647,0.000000,0.000000,5.000000,0.119501,0
1784320460.010769,FIXED400,TRACKING,400,26.705471,28.339176,0.008040,0.108234,4.957121,0.000000,0.000000,5.000000,0.116695,0
1784320460.060768,FIXED400,TRACKING,400,26.491881,42.403041,0.005146,0.107284,4.955563,0.000000,0.000000,5.000000,0.116237,0
1784320460.110801,FIXED400,TRACKING,400,26.841629,28.518207,0.000742,0.104968,4.951869,0.000000,0.000000,5.000000,0.115480,0
1784320460.160871,FIXED400,TRACKING,400,27.210332,43.144721,-0.001329,0.103268,4.950003,0.000000,0.000000,5.000000,0.114742,0
1784320460.210771,FIXED400,TRACKING,400,26.755257,28.522248,-0.006111,0.100640,4.946541,0.000000,0.000000,5.000000,0.114121,0
1784320460.260793,FIXED400,TRACKING,400,25.811203,41.773093,-0.008658,0.098366,4.944698,0.000000,0.000000,5.000000,0.113178,0
1784320460.310809,FIXED400,TRACKING,400,27.038982,28.666534,-0.014916,0.095097,4.936637,0.000000,0.000000,5.000000,0.115242,0
1784320460.360808,FIXED400,TRACKING,400,27.003928,42.989199,-0.018290,0.092945,4.934792,0.000000,0.000000,5.000000,0.115002,0
1784320460.410802,FIXED400,TRACKING,400,26.994861,28.789601,-0.024229,0.085977,4.936275,0.000000,0.000000,5.000000,0.109727,0
1784320460.460806,FIXED400,TRACKING,400,26.905225,42.872138,-0.026522,0.078988,4.939746,0.000000,0.000000,5.000000,0.102825,0
1784320460.510803,FIXED400,TRACKING,400,26.634605,28.496068,-0.029846,0.067189,4.945432,0.000000,0.000000,5.000000,0.091558,0
1784320460.560805,FIXED400,TRACKING,400,26.867475,42.867023,-0.031131,0.058266,4.947289,0.000000,0.000000,5.000000,0.084513,0
1784320460.610806,FIXED400,TRACKING,400,27.043581,28.791052,-0.032891,0.039142,4.949443,0.000000,0.000000,5.000000,0.071902,0
1784320460.660795,FIXED400,TRACKING,400,26.857809,42.769847,-0.033336,0.027592,4.950584,0.000000,0.000000,5.000000,0.065685,0
1784320460.710799,FIXED400,TRACKING,400,26.878726,28.637318,-0.032854,0.009309,4.950432,0.000000,0.000000,5.000000,0.060192,0
1784320460.760846,FIXED400,TRACKING,400,27.401326,43.415125,-0.032397,0.000627,4.951501,0.000000,0.000000,5.000000,0.058328,0
1784320460.810799,FIXED400,TRACKING,400,26.680504,28.525764,-0.030637,-0.016506,4.951283,0.000000,0.000000,5.000000,0.059871,0
1784320460.860820,FIXED400,TRACKING,400,26.659010,42.521365,-0.029214,-0.026915,4.950521,0.000000,0.000000,5.000000,0.063451,0
1784320460.910806,FIXED400,TRACKING,400,27.211259,29.026943,-0.029794,-0.041814,4.949345,0.000000,0.000000,5.000000,0.072125,0
1784320460.960773,FIXED400,TRACKING,400,26.945850,42.759056,-0.032285,-0.048085,4.949020,0.000000,0.000000,5.000000,0.077159,0
1784320461.010809,FIXED400,TRACKING,400,26.583138,28.326041,-0.035979,-0.059887,4.952410,0.000000,0.000000,5.000000,0.084532,0
1784320461.060779,FIXED400,TRACKING,400,26.943350,42.791512,-0.037195,-0.068192,4.953288,0.000000,0.000000,5.000000,0.090640,0
1784320461.110802,FIXED400,TRACKING,400,26.859424,28.575901,-0.038388,-0.080932,4.952656,0.000000,0.000000,5.000000,0.101317,0
1784320461.160804,FIXED400,TRACKING,400,26.693307,42.539834,-0.038825,-0.086707,4.953332,0.000000,0.000000,5.000000,0.105846,0
1784320461.210807,FIXED400,TRACKING,400,27.280811,28.980570,-0.038803,-0.096921,4.959465,0.000000,0.000000,5.000000,0.111993,0
